1     20   0.05   0.1   -6.335e-01    0e+00    5e-05    9e-05       10      249      338      259   0.3    0  
1     20   0.05   0.3   -5.232e-01    0e+00    4e-05    9e-05       11      340      448      351   0.4    0  
1     20   0.05   0.7   -6.380e-01    0e+00    5e-05    7e-05       11      306      414      317   0.4    0  
1     20   0.05   0.9   -7.513e-01    0e+00    4e-05    1e-04       12      373      503      385   0.5    0  
1     20   0.10   0.1   -4.979e-01    0e+00    3e-05    1e-04       11      356      465      367   0.5    0  
1     20   0.10   0.3   -6.066e-01    0e+00    7e-05    1e-04       10      326      434      336   0.5    0  
1     20   0.10   0.7   -6.858e-01    0e+00    9e-05    8e-05       11      314      429      325   0.5    0  
1     20   0.10   0.9   -6.881e-01    0e+00    4e-05    9e-05       11      293      395      304   0.4    0  
1     20   0.25   0.1   -6.072e-01    0e+00    4e-05    7e-05       13      465      604      478   0.6    0  
1     20   0.25   0.3   -5.598e-01    0e+00    1e-04    9e-05       10      278      361      288   0.4    0  
1     20   0.25   0.7   -4.423e-01    0e+00    4e-05    6e-05       12      388      530      400   0.5    0  
1     20   0.25   0.9   -8.626e-01    0e+00    9e-05    5e-05       11      280      388      291   0.4    0  
1     20   0.50   0.1   -5.577e-01    0e+00    5e-05    9e-05       11      371      486      382   0.5    0  
1     20   0.50   0.3   -5.891e-01    0e+00    4e-05    6e-05       12      375      491      387   0.5    0  
1     20   0.50   0.7   -8.204e-01    0e+00    1e-04    7e-05       10      200      277      210   0.3    0  
1     20   0.50   0.9   -7.537e-01    0e+00    4e-05    4e-05       11      310      423      321   0.4    0  
1     20   1.00   0.1   -4.477e-01    0e+00    5e-05    2e-05       11      426      547      437   0.6    0  
1     20   1.00   0.3   -4.365e-01    0e+00    3e-05    7e-05       11      351      465      362   0.5    0  
1     20   1.00   0.7   -9.981e-01    0e+00    6e-05    9e-05       11      249      354      260   0.4    0  
1     20   1.00   0.9   -8.076e-01    0e+00    9e-05    1e-04       10      214      301      224   0.3    0  
1     20   2.00   0.1   -7.266e-01    0e+00    6e-05    6e-05       11      318      416      329   0.5    0  
1     20   2.00   0.3   -7.437e-01    0e+00    6e-05    7e-05       12      346      467      358   0.5    0  
1     20   2.00   0.7   -8.768e-01    0e+00    6e-05    8e-05       11      193      301      204   0.3    0  
1     20   2.00   0.9   -8.568e-01    0e+00    6e-05    6e-05       10      163      246      173   0.2    0  
1     50   0.05   0.1   -5.092e-01    0e+00    5e-05    1e-04       12      617      742      629   1.3    0  
1     50   0.05   0.3   -5.007e-01    0e+00    3e-05    8e-05       11      711      839      722   1.5    0  
1     50   0.05   0.7   -5.469e-01    0e+00    4e-05    8e-05       12      921     1073      933   2.0    0  
1     50   0.05   0.9   -5.398e-01    0e+00    4e-05    1e-04       12     1133     1296     1145   2.4    0  
1     50   0.10   0.1   -5.590e-01    0e+00    5e-05    8e-05       12      716      844      728   1.7    0  
1     50   0.10   0.3   -6.203e-01    0e+00    6e-05    9e-05       12      744      872      756   1.6    0  
1     50   0.10   0.7   -5.770e-01    0e+00    5e-05    9e-05       12      634      764      646   1.4    0  
1     50   0.10   0.9   -6.156e-01    0e+00    4e-05    9e-05       12      709      867      721   1.6    0  
1     50   0.25   0.1   -4.930e-01    0e+00    5e-05    7e-05       12      798      942      810   1.8    0  
1     50   0.25   0.3   -6.210e-01    0e+00    5e-05    9e-05       12      603      734      615   1.3    0  
1     50   0.25   0.7   -5.725e-01    0e+00    4e-05    7e-05       12      772      922      784   1.7    0  
1     50   0.25   0.9   -5.835e-01    0e+00    1e-04    1e-04       11      483      637      494   1.0    0  
1     50   0.50   0.1   -5.962e-01    0e+00    8e-05    9e-05       12      922     1075      934   2.0    0  
1     50   0.50   0.3   -6.704e-01    0e+00    1e-04    8e-05       10      350      453      360   0.7    0  
1     50   0.50   0.7   -6.175e-01    0e+00    8e-05    8e-05       11      446      547      457   0.9    0  
1     50   0.50   0.9   -7.237e-01    0e+00    6e-05    9e-05       10      262      354      272   0.6    0  
1     50   1.00   0.1   -6.799e-01    0e+00    8e-05    8e-05       10      339      426      349   0.8    0  
1     50   1.00   0.3   -6.527e-01    0e+00    5e-05    9e-05       12      643      790      655   1.5    0  
1     50   1.00   0.7   -6.692e-01    0e+00    4e-05    8e-05       12      656      801      668   1.5    0  
1     50   1.00   0.9   -7.112e-01    0e+00    4e-05    5e-05       11      263      384      274   0.6    0  
1     50   2.00   0.1   -7.572e-01    0e+00    8e-05    5e-05       11      394      501      405   1.0    0  
1     50   2.00   0.3   -8.037e-01    0e+00    5e-05    1e-04       11      378      483      389   0.9    0  
1     50   2.00   0.7   -8.584e-01    0e+00    4e-05    8e-05       11      305      412      316   0.7    0  
1     50   2.00   0.9   -8.670e-01    0e+00    9e-05    7e-05       12      330      454      342   0.7    0  
1    200   0.05   0.1   -5.035e-01    0e+00    6e-05    1e-04       12     3076     3249     3088   18.7    0  
1    200   0.05   0.3   -5.266e-01    0e+00    4e-05    1e-04       12     2270     2432     2282   13.0    0  
1    200   0.05   0.7   -5.912e-01    0e+00    6e-05    8e-05       13     2681     2899     2694   15.4    0  
1    200   0.05   0.9   -5.458e-01    0e+00    9e-05    1e-04       12     1485     1609     1497   8.7    0  
1    200   0.10   0.1   -5.089e-01    0e+00    4e-05    9e-05       12     3939     4138     3951   22.8    0  
1    200   0.10   0.3   -5.360e-01    0e+00    4e-05    7e-05       12     1777     1917     1789   10.0    0  
1    200   0.10   0.7   -5.262e-01    0e+00    6e-05    8e-05       13     2277     2427     2290   12.8    0  
1    200   0.10   0.9   -5.645e-01    0e+00    4e-05    1e-04       12     1586     1713     1598   9.8    0  
1    200   0.25   0.1   -4.883e-01    0e+00    8e-05    1e-04       12     2950     3140     2962   18.2    0  
1    200   0.25   0.3   -5.233e-01    0e+00    6e-05    1e-04       13     2725     2908     2738   15.5    0  
1    200   0.25   0.7   -5.584e-01    0e+00    1e-04    9e-05       12     2569     2754     2581   15.6    0  
1    200   0.25   0.9   -6.027e-01    0e+00    5e-05    1e-04       13     3304     3580     3317   19.5    0  
1    200   0.50   0.1   -5.712e-01    0e+00    7e-05    1e-04       12     2211     2378     2223   12.4    0  
1    200   0.50   0.3   -6.141e-01    0e+00    6e-05    9e-05       12     2029     2188     2041   11.6    0  
1    200   0.50   0.7   -6.349e-01    0e+00    9e-05    1e-04       12     1892     2095     1904   11.3    0  
1    200   0.50   0.9   -5.889e-01    0e+00    4e-05    8e-05       12     1588     1772     1600   9.7    0  
1    200   1.00   0.1   -6.972e-01    0e+00    4e-05    9e-05       12     1166     1302     1178   7.6    0  
1    200   1.00   0.3   -6.169e-01    0e+00    4e-05    8e-05       12     1241     1365     1253   8.0    0  
1    200   1.00   0.7   -7.174e-01    0e+00    4e-05    1e-04       12     1180     1322     1192   7.7    0  
1    200   1.00   0.9   -7.727e-01    0e+00    1e-04    9e-05       12      794      930      806   5.3    0  
1    200   2.00   0.1   -7.242e-01    0e+00    1e-04    9e-05       12     1361     1489     1373   9.0    0  
1    200   2.00   0.3   -8.299e-01    0e+00    7e-05    8e-05       12      966     1077      978   5.9    0  
1    200   2.00   0.7   -8.563e-01    0e+00    4e-05    8e-05       12      667      791      679   4.4    0  
1    200   2.00   0.9   -8.765e-01    0e+00    6e-05    7e-05       13      387      536      400   2.9    0  
1    500   0.05   0.1   -5.237e-01    0e+00    7e-05    1e-04       12     3516     3688     3528   48.4    0  
1    500   0.05   0.3   -5.161e-01    0e+00    5e-05    1e-04       12     3158     3321     3170   39.3    0  
1    500   0.05   0.7   -5.329e-01    0e+00    5e-05    1e-04       12     3343     3513     3355   43.0    0  
1    500   0.05   0.9   -5.394e-01    0e+00    3e-05    9e-05       13     4545     4779     4558   59.5    0  
1    500   0.10   0.1   -5.336e-01    0e+00    8e-05    1e-04       12     3276     3435     3288   40.9    0  
1    500   0.10   0.3   -5.102e-01    0e+00    7e-05    1e-04       12     3922     4107     3934   49.7    0  
1    500   0.10   0.7   -5.287e-01    0e+00    3e-05    2e-04       13     4516     4710     4529   55.8    4  
1    500   0.10   0.9   -5.479e-01    0e+00    9e-05    9e-05       12     3047     3200     3059   39.7    0  
1    500   0.25   0.1   -5.247e-01    0e+00    6e-05    1e-04       12     3122     3276     3134   39.3    0  
1    500   0.25   0.3   -5.652e-01    0e+00    6e-05    9e-05       12     2576     2719     2588   32.7    0  
1    500   0.25   0.7   -5.720e-01    0e+00    7e-05    8e-05       12     2949     3158     2961   39.8    0  
1    500   0.25   0.9   -6.019e-01    0e+00    8e-05    8e-05       12     2424     2579     2436   30.1    0  
1    500   0.50   0.1   -5.516e-01    0e+00    9e-05    9e-05       12     2535     2671     2547   30.8    0  
1    500   0.50   0.3   -5.851e-01    0e+00    7e-05    9e-05       12     2985     3171     2997   37.9    0  
1    500   0.50   0.7   -6.399e-01    0e+00    7e-05    9e-05       12     1987     2126     1999   26.3    0  
1    500   0.50   0.9   -6.391e-01    0e+00    9e-05    1e-04       12     1999     2157     2011   27.4    0  
1    500   1.00   0.1   -6.400e-01    0e+00    1e-04    9e-05       12     1737     1854     1749   22.0    0  
1    500   1.00   0.3   -6.889e-01    0e+00    9e-05    1e-04       12     1660     1782     1672   23.3    0  
1    500   1.00   0.7   -7.337e-01    0e+00    9e-05    7e-05       12     1563     1693     1575   21.5    0  
1    500   1.00   0.9   -7.333e-01    0e+00    5e-05    9e-05       12     1156     1278     1168   15.3    0  
1    500   2.00   0.1   -8.040e-01    0e+00    7e-05    9e-05       12     1271     1380     1283   18.3    0  
1    500   2.00   0.3   -8.439e-01    0e+00    1e-04    9e-05       12     1140     1249     1152   16.4    0  
1    500   2.00   0.7   -8.531e-01    0e+00    5e-05    7e-05       12     1032     1155     1044   14.7    0  
1    500   2.00   0.9   -8.992e-01    0e+00    7e-05    6e-05       12      494      599      506   7.6    0  
1   1000   0.05   0.1   -5.117e-01    0e+00    8e-05    1e-04       12     3157     3309     3169   87.5    0  
1   1000   0.05   0.3   -5.120e-01    0e+00    7e-05    4e-04       12     4199     4374     4211   113.9    4  
1   1000   0.05   0.7   -5.315e-01    0e+00    5e-05    4e-04       12     4392     4587     4404   120.0    4  
1   1000   0.05   0.9   -5.382e-01    0e+00    2e-05    6e-04       13     4553     4761     4566   122.8    4  
1   1000   0.10   0.1   -5.090e-01    0e+00    8e-05    9e-05       12     3667     3834     3679   108.8    0  
1   1000   0.10   0.3   -5.099e-01    0e+00    6e-05    1e-04       12     3945     4109     3957   113.5    4  
1   1000   0.10   0.7   -5.527e-01    0e+00    7e-05    9e-05       12     3069     3213     3081   85.3    0  
1   1000   0.10   0.9   -5.600e-01    0e+00    8e-05    1e-04       12     3084     3238     3096   82.6    0  
1   1000   0.25   0.1   -5.032e-01    0e+00    7e-05    1e-03       13     4456     4685     4469   128.3    4  
1   1000   0.25   0.3   -5.541e-01    0e+00    6e-05    1e-04       12     2658     2806     2670   70.1    0  
1   1000   0.25   0.7   -5.722e-01    0e+00    6e-05    1e-04       12     3074     3228     3086   86.9    0  
1   1000   0.25   0.9   -6.038e-01    0e+00    5e-05    1e-04       12     2583     2728     2595   73.0    0  
1   1000   0.50   0.1   -5.422e-01    0e+00    3e-05    1e-04       13     4313     4495     4326   123.8    0  
1   1000   0.50   0.3   -5.628e-01    0e+00    8e-05    9e-05       12     2700     2844     2712   73.5    0  
1   1000   0.50   0.7   -6.211e-01    0e+00    8e-05    9e-05       12     2407     2529     2419   78.3    0  
1   1000   0.50   0.9   -6.388e-01    0e+00    6e-05    7e-05       12     2100     2230     2112   64.1    0  
1   1000   1.00   0.1   -6.339e-01    0e+00    7e-05    1e-04       12     1731     1864     1743   49.5    0  
1   1000   1.00   0.3   -6.601e-01    0e+00    5e-05    9e-05       12     1536     1642     1548   48.1    0  
1   1000   1.00   0.7   -6.784e-01    0e+00    7e-05    9e-05       12     1726     1854     1738   53.5    0  
1   1000   1.00   0.9   -7.327e-01    0e+00    7e-05    8e-05       12     1315     1429     1327   46.7    0  
1   1000   2.00   0.1   -8.218e-01    0e+00    6e-05    1e-04       12     1148     1252     1160   37.5    0  
1   1000   2.00   0.3   -8.400e-01    0e+00    4e-05    9e-05       12     1116     1213     1128   32.5    0  
1   1000   2.00   0.7   -8.541e-01    0e+00    3e-05    1e-04       12      916     1026      928   31.6    0  
1   1000   2.00   0.9   -8.710e-01    0e+00    8e-05    9e-05       12      894     1005      906   29.8    0  
1   2000   0.05   0.1   -5.007e-01    0e+00    1e-04    1e-03       12     3979     4158     3991   240.4    4  
1   2000   0.05   0.3   -5.065e-01    0e+00    1e-04    9e-04       12     4004     4184     4016   239.7    4  
1   2000   0.05   0.7   -5.292e-01    0e+00    1e-04    5e-04       12     3739     3909     3751   218.8    4  
1   2000   0.05   0.9   -5.276e-01    0e+00    2e-05    9e-05       13     4479     4668     4492   270.6    0  
1   2000   0.10   0.1   -5.004e-01    0e+00    1e-04    8e-04       12     4152     4322     4164   246.0    4  
1   2000   0.10   0.3   -5.309e-01    0e+00    6e-05    4e-04       13     4411     4639     4424   261.4    4  
1   2000   0.10   0.7   -5.422e-01    0e+00    6e-05    5e-04       13     4569     4776     4582   276.6    4  
1   2000   0.10   0.9   -5.415e-01    0e+00    6e-05    1e-03       13     4671     4868     4684   278.6    4  
1   2000   0.25   0.1   -5.171e-01    0e+00    1e-04    4e-04       12     3481     3633     3493   200.2    4  
1   2000   0.25   0.3   -5.382e-01    0e+00    1e-04    7e-04       12     4070     4243     4082   249.4    4  
1   2000   0.25   0.7   -5.835e-01    0e+00    6e-05    9e-05       12     2347     2482     2359   144.4    0  
1   2000   0.25   0.9   -5.892e-01    0e+00    3e-05    1e-04       13     3978     4159     3991   237.3    0  
1   2000   0.50   0.1   -5.368e-01    0e+00    6e-05    3e-04       13     3863     4066     3876   219.5    4  
1   2000   0.50   0.3   -5.683e-01    0e+00    6e-05    1e-04       12     2494     2643     2506   154.5    0  
1   2000   0.50   0.7   -6.196e-01    0e+00    6e-05    9e-05       12     2325     2458     2337   137.9    0  
1   2000   0.50   0.9   -6.477e-01    0e+00    3e-05    2e-04       14     3980     4188     3994   237.3    4  
1   2000   1.00   0.1   -6.232e-01    0e+00    6e-05    1e-04       13     2428     2583     2441   144.3    0  
1   2000   1.00   0.3   -6.604e-01    0e+00    6e-05    1e-04       13     2409     2561     2422   141.7    0  
1   2000   1.00   0.7   -6.934e-01    0e+00    5e-05    9e-05       12     1513     1626     1525   86.6    0  
1   2000   1.00   0.9   -7.323e-01    0e+00    5e-05    9e-05       12     1252     1358     1264   78.1    0  
1   2000   2.00   0.1   -7.970e-01    0e+00    6e-05    1e-04       13     1706     1837     1719   101.1    0  
1   2000   2.00   0.3   -8.191e-01    0e+00    6e-05    9e-05       13     1699     1821     1712   98.4    0  
1   2000   2.00   0.7   -8.565e-01    0e+00    5e-05    8e-05       12      929     1042      941   60.7    0  
1   2000   2.00   0.9   -8.666e-01    0e+00    5e-05    8e-05       12      913     1034      925   59.7    0  
2     20   0.05   0.1   -6.335e-01    0e+00    1e-05    9e-05        6      219      301      225   0.3    0  
2     20   0.05   0.3   -5.232e-01    0e+00    2e-05    6e-05        6      279      391      285   0.4    0  
2     20   0.05   0.7   -6.380e-01    0e+00    2e-05    9e-05        6      233      304      239   0.3    0  
2     20   0.05   0.9   -7.513e-01    0e+00    3e-05    4e-05        6      291      401      297   0.5    0  
2     20   0.10   0.1   -4.979e-01    0e+00    2e-05    8e-05        6      278      385      284   0.4    0  
2     20   0.10   0.3   -5.759e-01    0e+00    2e-05    9e-05        6      270      381      276   0.4    0  
2     20   0.10   0.7   -6.858e-01    0e+00    3e-05    9e-05        6      244      344      250   0.4    0  
2     20   0.10   0.9   -6.880e-01    0e+00    2e-05    4e-05        6      247      353      253   0.4    0  
2     20   0.25   0.1   -6.072e-01    0e+00    5e-05    8e-05        6      296      408      302   0.4    0  
2     20   0.25   0.3   -5.598e-01    0e+00    2e-05    8e-05        6      238      330      244   0.4    0  
2     20   0.25   0.7   -4.423e-01    0e+00    3e-05    5e-05        6      286      413      292   0.4    0  
2     20   0.25   0.9   -8.626e-01    0e+00    3e-05    9e-05        6      188      265      194   0.3    0  
2     20   0.50   0.1   -5.577e-01    0e+00    2e-05    7e-05        6      276      371      282   0.4    0  
2     20   0.50   0.3   -5.891e-01    0e+00    3e-05    5e-05        6      263      361      269   0.4    0  
2     20   0.50   0.7   -8.204e-01    0e+00    2e-05    8e-05        6      185      282      191   0.3    0  
2     20   0.50   0.9   -7.537e-01    0e+00    2e-05    9e-05        6      220      333      226   0.4    0  
2     20   1.00   0.1   -4.477e-01    0e+00    2e-05    1e-04        6      357      493      363   0.5    0  
2     20   1.00   0.3   -4.365e-01    0e+00    2e-05    7e-05        6      328      448      334   0.5    0  
2     20   1.00   0.7   -9.981e-01    0e+00    3e-05    6e-05        6      181      280      187   0.3    0  
2     20   1.00   0.9   -8.076e-01    0e+00    2e-05    6e-05        6      208      320      214   0.4    0  
2     20   2.00   0.1   -7.266e-01    0e+00    3e-05    9e-05        6      250      339      256   0.4    0  
2     20   2.00   0.3   -7.437e-01    0e+00    3e-05    6e-05        6      232      326      238   0.4    0  
2     20   2.00   0.7   -8.768e-01    0e+00    3e-05    3e-05        6      160      253      166   0.3    0  
2     20   2.00   0.9   -8.568e-01    0e+00    2e-05    8e-05        6      120      203      126   0.2    0  
2     50   0.05   0.1   -5.092e-01    0e+00    3e-05    9e-05        6      354      436      360   0.9    0  
2     50   0.05   0.3   -5.007e-01    0e+00    2e-05    9e-05        6      563      653      569   1.3    0  
2     50   0.05   0.7   -5.469e-01    0e+00    2e-05    9e-05        6      464      552      470   1.2    0  
2     50   0.05   0.9   -5.398e-01    0e+00    2e-05    9e-05        6      541      632      547   1.2    0  
2     50   0.10   0.1   -5.590e-01    0e+00    2e-05    8e-05        6      353      437      359   0.9    0  
2     50   0.10   0.3   -6.203e-01    0e+00    3e-05    4e-05        6      380      459      386   0.9    0  
2     50   0.10   0.7   -5.771e-01    0e+00    2e-05    6e-05        6      351      449      357   0.9    0  
2     50   0.10   0.9   -6.156e-01    0e+00    3e-05    7e-05        6      580      761      586   1.5    0  
2     50   0.25   0.1   -4.930e-01    0e+00    2e-05    5e-05        6      486      574      492   1.1    0  
2     50   0.25   0.3   -6.210e-01    0e+00    3e-05    6e-05        6      353      438      359   0.8    0  
2     50   0.25   0.7   -5.725e-01    0e+00    3e-05    8e-05        6      538      707      544   1.3    0  
2     50   0.25   0.9   -5.835e-01    0e+00    2e-05    9e-05        6      415      526      421   1.0    0  
2     50   0.50   0.1   -5.963e-01    0e+00    3e-05    6e-05        6      502      597      508   1.1    0  
2     50   0.50   0.3   -6.705e-01    0e+00    2e-05    6e-05        6      310      381      316   0.7    0  
2     50   0.50   0.7   -6.175e-01    0e+00    2e-05    9e-05        6      273      348      279   0.7    0  
2     50   0.50   0.9   -7.237e-01    0e+00    2e-05    6e-05        6      218      322      224   0.5    0  
2     50   1.00   0.1   -6.799e-01    0e+00    2e-05    1e-04        6      273      350      279   0.6    0  
2     50   1.00   0.3   -6.527e-01    0e+00    2e-05    9e-05        6      377      461      383   0.9    0  
2     50   1.00   0.7   -6.692e-01    0e+00    2e-05    9e-05        6      420      515      426   1.0    0  
2     50   1.00   0.9   -7.112e-01    0e+00    2e-05    7e-05        6      202      295      208   0.5    0  
2     50   2.00   0.1   -7.572e-01    0e+00    3e-05    9e-05        6      290      380      296   0.6    0  
2     50   2.00   0.3   -8.037e-01    0e+00    1e-05    5e-05        6      226      288      232   0.6    0  
2     50   2.00   0.7   -8.584e-01    0e+00    1e-05    5e-05        6      170      234      176   0.3    0  
2     50   2.00   0.9   -8.671e-01    0e+00    3e-05    8e-05        6      180      246      186   0.4    0  
2    200   0.05   0.1   -5.021e-01    0e+00    4e-05    8e-05        6     1700     1854     1706   10.0    0  
2    200   0.05   0.3   -5.266e-01    0e+00    3e-05    8e-05        6     1567     1689     1573   9.3    0  
2    200   0.05   0.7   -5.911e-01    0e+00    4e-05    9e-05        6     1275     1419     1281   7.7    0  
2    200   0.05   0.9   -5.458e-01    0e+00    4e-05    7e-05        6     1010     1133     1016   6.0    0  
2    200   0.10   0.1   -5.089e-01    0e+00    4e-06    9e-05        7     2361     2581     2368   14.0    0  
2    200   0.10   0.3   -5.359e-01    0e+00    3e-05    8e-05        6     1221     1329     1227   7.0    0  
2    200   0.10   0.7   -5.261e-01    0e+00    5e-05    1e-04        6     1140     1250     1146   6.9    0  
2    200   0.10   0.9   -5.644e-01    0e+00    3e-05    1e-04        6     1259     1379     1265   7.5    0  
2    200   0.25   0.1   -4.882e-01    0e+00    4e-05    8e-05        6     1850     2022     1856   11.1    0  
2    200   0.25   0.3   -5.232e-01    0e+00    5e-05    8e-05        6     1219     1361     1225   6.9    0  
2    200   0.25   0.7   -5.584e-01    0e+00    4e-05    9e-05        6     1413     1566     1419   8.5    0  
2    200   0.25   0.9   -6.026e-01    0e+00    5e-05    9e-05        6     1420     1609     1426   8.6    0  
2    200   0.50   0.1   -5.712e-01    0e+00    4e-05    8e-05        6     1153     1303     1159   6.6    0  
2    200   0.50   0.3   -6.141e-01    0e+00    4e-05    9e-05        6     1068     1204     1074   6.5    0  
2    200   0.50   0.7   -6.348e-01    0e+00    4e-05    1e-04        6     1208     1352     1214   7.3    0  
2    200   0.50   0.9   -5.889e-01    0e+00    3e-05    1e-04        6     1018     1168     1024   5.9    0  
2    200   1.00   0.1   -6.971e-01    0e+00    4e-05    9e-05        6      630      742      636   3.8    0  
2    200   1.00   0.3   -6.169e-01    0e+00    3e-05    7e-05        6      837      947      843   5.2    0  
2    200   1.00   0.7   -7.174e-01    0e+00    3e-05    8e-05        6      579      705      585   3.9    0  
2    200   1.00   0.9   -7.727e-01    0e+00    4e-05    8e-05        6      537      684      543   3.4    0  
2    200   2.00   0.1   -7.242e-01    0e+00    4e-05    8e-05        6      687      810      693   4.3    0  
2    200   2.00   0.3   -8.298e-01    0e+00    4e-05    8e-05        6      501      610      507   3.4    0  
2    200   2.00   0.7   -8.563e-01    0e+00    3e-05    7e-05        6      395      537      401   2.8    0  
2    200   2.00   0.9   -8.765e-01    0e+00    5e-05    8e-05        6      245      380      251   1.9    0  
2    500   0.05   0.1   -5.237e-01    0e+00    4e-06    9e-05        7     2891     3057     2898   39.3    0  
2    500   0.05   0.3   -5.160e-01    0e+00    4e-05    8e-05        6     1655     1764     1661   20.3    0  
2    500   0.05   0.7   -5.328e-01    0e+00    4e-05    9e-05        6     1837     1954     1843   24.1    0  
2    500   0.05   0.9   -5.394e-01    0e+00    5e-06    4e-04        7     2846     3024     2853   37.0    4  
2    500   0.10   0.1   -5.335e-01    0e+00    4e-05    9e-05        6     1798     1924     1804   22.1    0  
2    500   0.10   0.3   -5.102e-01    0e+00    4e-06    1e-04        7     3177     3343     3184   40.5    0  
2    500   0.10   0.7   -5.287e-01    0e+00    4e-05    1e-04        6     1763     1860     1769   21.5    0  
2    500   0.10   0.9   -5.478e-01    0e+00    5e-05    9e-05        6     1722     1830     1728   22.2    0  
2    500   0.25   0.1   -5.248e-01    0e+00    4e-06    9e-05        7     2453     2621     2460   31.8    0  
2    500   0.25   0.3   -5.651e-01    0e+00    4e-05    7e-05        6     1450     1550     1456   19.1    0  
2    500   0.25   0.7   -5.720e-01    0e+00    4e-05    1e-04        6     1462     1562     1468   19.0    0  
2    500   0.25   0.9   -6.019e-01    0e+00    4e-05    8e-05        6     1154     1250     1160   16.0    0  
2    500   0.50   0.1   -5.516e-01    0e+00    4e-05    9e-05        6     1313     1409     1319   16.3    0  
2    500   0.50   0.3   -5.851e-01    0e+00    4e-05    9e-05        6     1600     1711     1606   22.2    0  
2    500   0.50   0.7   -6.399e-01    0e+00    4e-05    7e-05        6     1162     1267     1168   15.9    0  
2    500   0.50   0.9   -6.391e-01    0e+00    4e-05    7e-05        6     1062     1167     1068   13.2    0  
2    500   1.00   0.1   -6.400e-01    0e+00    5e-05    9e-05        6      955     1047      961   13.4    0  
2    500   1.00   0.3   -6.889e-01    0e+00    4e-05    1e-04        6      877      968      883   11.0    0  
2    500   1.00   0.7   -7.336e-01    0e+00    5e-05    9e-05        6      800      896      806   10.8    0  
2    500   1.00   0.9   -7.333e-01    0e+00    4e-05    9e-05        6      753      863      759   11.4    0  
2    500   2.00   0.1   -8.039e-01    0e+00    4e-05    8e-05        6      690      766      696   8.7    0  
2    500   2.00   0.3   -8.439e-01    0e+00    4e-05    5e-05        6      625      705      631   8.0    0  
2    500   2.00   0.7   -8.531e-01    0e+00    4e-05    1e-04        6      515      605      521   6.7    0  
2    500   2.00   0.9   -8.992e-01    0e+00    4e-05    9e-05        6      286      367      292   3.9    0  
2   1000   0.05   0.1   -5.118e-01    0e+00    4e-06    1e-04        7     2816     2947     2823   75.8    0  
2   1000   0.05   0.3   -5.121e-01    0e+00    5e-06    1e-03        7     3198     3338     3205   83.3    4  
2   1000   0.05   0.7   -5.315e-01    0e+00    4e-06    1e-03        7     3246     3371     3253   84.0    4  
2   1000   0.05   0.9   -5.382e-01    0e+00    4e-06    9e-05        7     2673     2800     2680   73.7    0  
2   1000   0.10   0.1   -5.091e-01    0e+00    5e-06    1e-04        7     2871     3018     2878   73.2    0  
2   1000   0.10   0.3   -5.100e-01    0e+00    4e-06    2e-04        7     2968     3099     2975   79.0    4  
2   1000   0.10   0.7   -5.527e-01    0e+00    4e-05    9e-05        6     1651     1717     1657   42.2    0  
2   1000   0.10   0.9   -5.599e-01    0e+00    4e-05    7e-05        6     1836     1926     1842   48.8    0  
2   1000   0.25   0.1   -5.032e-01    0e+00    4e-06    9e-05        7     2970     3105     2977   81.1    0  
2   1000   0.25   0.3   -5.541e-01    0e+00    4e-05    8e-05        6     1400     1468     1406   35.8    0  
2   1000   0.25   0.7   -5.722e-01    0e+00    4e-05    9e-05        6     1640     1722     1646   41.6    0  
2   1000   0.25   0.9   -6.038e-01    0e+00    3e-05    7e-05        6     1402     1479     1408   36.8    0  
2   1000   0.50   0.1   -5.422e-01    0e+00    4e-06    8e-05        7     2789     2909     2796   74.8    0  
2   1000   0.50   0.3   -5.628e-01    0e+00    4e-05    1e-04        6     1424     1494     1430   38.8    0  
2   1000   0.50   0.7   -6.211e-01    0e+00    4e-05    6e-05        6     1280     1362     1286   34.5    0  
2   1000   0.50   0.9   -6.388e-01    0e+00    4e-05    8e-05        6     1078     1146     1084   29.4    0  
2   1000   1.00   0.1   -6.338e-01    0e+00    4e-05    9e-05        6      903      971      909   25.5    0  
2   1000   1.00   0.3   -6.600e-01    0e+00    4e-05    8e-05        6      782      845      788   22.1    0  
2   1000   1.00   0.7   -6.784e-01    0e+00    4e-05    9e-05        6      938     1010      944   27.5    0  
2   1000   1.00   0.9   -7.327e-01    0e+00    4e-05    9e-05        6      691      767      697   18.2    0  
2   1000   2.00   0.1   -8.217e-01    0e+00    4e-05    1e-04        6      555      616      561   15.6    0  
2   1000   2.00   0.3   -8.399e-01    0e+00    3e-05    8e-05        6      533      588      539   15.5    0  
2   1000   2.00   0.7   -8.540e-01    0e+00    3e-05    5e-05        6      520      579      526   15.5    0  
2   1000   2.00   0.9   -8.710e-01    0e+00    4e-05    1e-04        6      495      570      501   14.9    0  
2   2000   0.05   0.1   -5.009e-01    0e+00    4e-06    9e-04        7     3228     3344     3235   194.2    4  
2   2000   0.05   0.3   -5.066e-01    0e+00    4e-06    6e-04        7     3199     3325     3206   182.9    4  
2   2000   0.05   0.7   -5.294e-01    0e+00    5e-06    6e-04        7     2935     3053     2942   172.2    4  
2   2000   0.05   0.9   -5.276e-01    0e+00    4e-06    4e-04        7     2934     3052     2941   165.8    4  
2   2000   0.10   0.1   -5.006e-01    0e+00    5e-06    6e-03        7     3074     3189     3081   182.6    4  
2   2000   0.10   0.3   -5.310e-01    0e+00    5e-06    7e-04        7     2777     2881     2784   161.1    4  
2   2000   0.10   0.7   -5.422e-01    0e+00    4e-06    8e-04        7     2882     2984     2889   166.8    4  
2   2000   0.10   0.9   -5.415e-01    0e+00    4e-06    5e-04        7     2982     3098     2989   172.3    4  
2   2000   0.25   0.1   -5.173e-01    0e+00    4e-06    8e-05        7     2781     2908     2788   160.5    0  
2   2000   0.25   0.3   -5.384e-01    0e+00    4e-06    3e-04        7     3223     3348     3230   188.9    4  
2   2000   0.25   0.7   -5.834e-01    0e+00    4e-05    9e-05        6     1316     1375     1322   73.3    0  
2   2000   0.25   0.9   -5.892e-01    0e+00    5e-06    3e-04        7     2741     2849     2748   159.4    4  
2   2000   0.50   0.1   -5.367e-01    0e+00    4e-05    9e-05        6     1505     1566     1511   84.6    0  
2   2000   0.50   0.3   -5.682e-01    0e+00    4e-05    8e-05        6     1408     1476     1414   81.0    0  
2   2000   0.50   0.7   -6.196e-01    0e+00    4e-05    1e-04        6     1161     1217     1167   65.8    0  
2   2000   0.50   0.9   -6.476e-01    0e+00    4e-05    8e-05        6     1089     1145     1095   67.6    0  
2   2000   1.00   0.1   -6.232e-01    0e+00    4e-05    1e-04        6      785      834      791   48.4    0  
2   2000   1.00   0.3   -6.603e-01    0e+00    4e-05    9e-05        6      780      824      786   49.1    0  
2   2000   1.00   0.7   -6.934e-01    0e+00    4e-05    1e-04        6      739      784      745   45.5    0  
2   2000   1.00   0.9   -7.322e-01    0e+00    4e-05    1e-04        6      702      757      708   48.2    0  
2   2000   2.00   0.1   -7.970e-01    0e+00    4e-05    1e-04        6      548      591      554   33.0    0  
2   2000   2.00   0.3   -8.190e-01    0e+00    4e-05    8e-05        6      560      603      566   33.5    0  
2   2000   2.00   0.7   -8.565e-01    0e+00    4e-05    1e-04        6      502      552      508   31.4    0  
2   2000   2.00   0.9   -8.665e-01    0e+00    4e-05    8e-05        6      490      544      496   31.0    0  
3     20   0.05   0.1   -6.335e-01    0e+00    5e-05    8e-05        5      289      458      294   0.5    0  
3     20   0.05   0.3   -5.232e-01    0e+00    5e-05    6e-05        5      349      571      354   0.5    0  
3     20   0.05   0.7   -6.380e-01    0e+00    5e-05    6e-05        5      310      495      315   0.5    0  
3     20   0.05   0.9   -7.512e-01    0e+00    5e-05    9e-05        5      400      652      405   0.6    0  
3     20   0.10   0.1   -4.979e-01    0e+00    5e-05    9e-05        5      366      593      371   0.5    0  
3     20   0.10   0.3   -6.065e-01    0e+00    5e-05    9e-05        5      379      599      384   0.6    0  
3     20   0.10   0.7   -6.858e-01    0e+00    5e-05    1e-04        5      337      590      342   0.6    0  
3     20   0.10   0.9   -6.880e-01    0e+00    5e-05    8e-05        5      347      562      352   0.6    0  
3     20   0.25   0.1   -6.072e-01    0e+00    5e-05    6e-05        5      372      622      377   0.6    0  
3     20   0.25   0.3   -5.597e-01    0e+00    5e-05    8e-05        5      341      545      346   0.6    0  
3     20   0.25   0.7   -4.422e-01    0e+00    5e-05    6e-05        5      430      806      435   0.8    0  
3     20   0.25   0.9   -8.625e-01    0e+00    5e-05    8e-05        5      285      480      290   0.5    0  
3     20   0.50   0.1   -5.576e-01    0e+00    5e-05    7e-05        5      335      580      340   0.6    0  
3     20   0.50   0.3   -5.891e-01    0e+00    5e-05    7e-05        5      355      532      360   0.6    0  
3     20   0.50   0.7   -8.204e-01    0e+00    5e-05    7e-05        5      246      434      251   0.4    0  
3     20   0.50   0.9   -7.536e-01    0e+00    5e-05    9e-05        5      343      587      348   0.5    0  
3     20   1.00   0.1   -4.476e-01    0e+00    5e-05    9e-05        5      472      805      477   0.8    0  
3     20   1.00   0.3   -4.365e-01    0e+00    5e-05    7e-05        5      407      609      412   0.6    0  
3     20   1.00   0.7   -9.981e-01    0e+00    5e-05    5e-05        5      229      397      234   0.4    0  
3     20   1.00   0.9   -8.076e-01    0e+00    5e-05    1e-04        5      301      492      306   0.4    0  
3     20   2.00   0.1   -7.265e-01    0e+00    5e-05    4e-05        5      340      575      345   0.6    0  
3     20   2.00   0.3   -7.436e-01    0e+00    5e-05    4e-05        5      303      570      308   0.6    0  
3     20   2.00   0.7   -8.768e-01    0e+00    5e-05    6e-05        5      213      366      218   0.3    0  
3     20   2.00   0.9   -8.568e-01    0e+00    5e-05    5e-05        5      152      263      157   0.3    0  
3     50   0.05   0.1   -5.092e-01    0e+00    5e-05    8e-05        5      417      610      422   1.0    0  
3     50   0.05   0.3   -5.007e-01    0e+00    5e-05    9e-05        5      709      919      714   1.6    0  
3     50   0.05   0.7   -5.468e-01    0e+00    5e-05    9e-05        5      503      746      508   1.2    0  
3     50   0.05   0.9   -5.398e-01    0e+00    5e-05    9e-05        5      555      745      560   1.4    0  
3     50   0.10   0.1   -5.589e-01    0e+00    5e-05    7e-05        5      458      683      463   1.3    0  
3     50   0.10   0.3   -6.202e-01    0e+00    5e-05    9e-05        5      414      577      419   1.0    0  
3     50   0.10   0.7   -5.770e-01    0e+00    5e-05    9e-05        5      433      640      438   1.0    0  
3     50   0.10   0.9   -6.155e-01    0e+00    5e-05    8e-05        5      490      671      495   1.1    0  
3     50   0.25   0.1   -4.929e-01    0e+00    5e-05    5e-05        5      619      866      624   1.5    0  
3     50   0.25   0.3   -6.209e-01    0e+00    5e-05    8e-05        5      450      640      455   1.1    0  
3     50   0.25   0.7   -5.725e-01    0e+00    5e-05    6e-05        5      592      765      597   1.4    0  
3     50   0.25   0.9   -5.835e-01    0e+00    5e-05    9e-05        5      574      787      579   1.4    0  
3     50   0.50   0.1   -5.962e-01    0e+00    5e-05    1e-04        5      540      825      545   1.4    0  
3     50   0.50   0.3   -6.704e-01    0e+00    5e-05    1e-04        5      380      563      385   1.0    0  
3     50   0.50   0.7   -6.175e-01    0e+00    5e-05    9e-05        5      343      473      348   0.8    0  
3     50   0.50   0.9   -7.237e-01    0e+00    5e-05    1e-04        5      294      427      299   0.6    0  
3     50   1.00   0.1   -6.799e-01    0e+00    5e-05    7e-05        5      381      546      386   1.0    0  
3     50   1.00   0.3   -6.526e-01    0e+00    5e-05    6e-05        5      461      659      466   1.1    0  
3     50   1.00   0.7   -6.691e-01    0e+00    5e-05    5e-05        5      524      715      529   1.3    0  
3     50   1.00   0.9   -7.112e-01    0e+00    5e-05    8e-05        5      304      469      309   0.8    0  
3     50   2.00   0.1   -7.571e-01    0e+00    5e-05    4e-05        5      382      598      387   0.9    0  
3     50   2.00   0.3   -8.037e-01    0e+00    5e-05    8e-05        5      272      373      277   0.8    0  
3     50   2.00   0.7   -8.584e-01    0e+00    5e-05    9e-05        5      204      306      209   0.7    0  
3     50   2.00   0.9   -8.670e-01    0e+00    5e-05    1e-04        5      208      349      213   0.5    0  
3    200   0.05   0.1   -5.034e-01    0e+00    5e-05    8e-05        5      927     1136      932   6.4    0  
3    200   0.05   0.3   -5.265e-01    0e+00    5e-05    8e-05        5      929     1127      934   6.0    0  
3    200   0.05   0.7   -5.911e-01    0e+00    5e-05    9e-05        5      819     1049      824   5.0    0  
3    200   0.05   0.9   -5.457e-01    0e+00    5e-05    1e-04        5      589      754      594   3.6    0  
3    200   0.10   0.1   -5.088e-01    0e+00    5e-05    1e-04        5     1245     1522     1250   8.0    0  
3    200   0.10   0.3   -5.359e-01    0e+00    5e-05    1e-04        5      747      954      752   4.5    0  
3    200   0.10   0.7   -5.260e-01    0e+00    5e-05    8e-05        5      664      831      669   4.3    0  
3    200   0.10   0.9   -5.644e-01    0e+00    5e-05    9e-05        5      775      917      780   4.9    0  
3    200   0.25   0.1   -4.882e-01    0e+00    5e-05    9e-05        5     1013     1309     1018   7.0    0  
3    200   0.25   0.3   -5.232e-01    0e+00    5e-05    1e-04        5      696      899      701   4.9    0  
3    200   0.25   0.7   -5.583e-01    0e+00    5e-05    1e-04        5      790     1004      795   5.1    0  
3    200   0.25   0.9   -6.026e-01    0e+00    5e-05    1e-04        5      743      977      748   5.1    0  
3    200   0.50   0.1   -5.712e-01    0e+00    5e-05    7e-05        5      706      927      711   5.0    0  
3    200   0.50   0.3   -6.141e-01    0e+00    5e-05    9e-05        5      582      763      587   4.5    0  
3    200   0.50   0.7   -6.348e-01    0e+00    5e-05    7e-05        5      714      921      719   5.4    0  
3    200   0.50   0.9   -5.889e-01    0e+00    5e-05    9e-05        5      658      841      663   4.7    0  
3    200   1.00   0.1   -6.971e-01    0e+00    5e-05    6e-05        5      360      488      365   2.5    0  
3    200   1.00   0.3   -6.168e-01    0e+00    5e-05    6e-05        5      429      538      434   3.1    0  
3    200   1.00   0.7   -7.173e-01    0e+00    5e-05    7e-05        5      412      541      417   3.1    0  
3    200   1.00   0.9   -7.727e-01    0e+00    5e-05    1e-04        5      418      610      423   3.1    0  
3    200   2.00   0.1   -7.241e-01    0e+00    5e-05    7e-05        5      401      543      406   2.8    0  
3    200   2.00   0.3   -8.298e-01    0e+00    5e-05    9e-05        5      324      451      329   2.2    0  
3    200   2.00   0.7   -8.563e-01    0e+00    5e-05    6e-05        5      281      394      286   1.9    0  
3    200   2.00   0.9   -8.765e-01    0e+00    5e-05    3e-05        5      266      368      271   1.9    0  
3    500   0.05   0.1   -5.237e-01    0e+00    5e-06    1e-03        6     2894     4333     2900   46.0    4  
3    500   0.05   0.3   -5.160e-01    1e-05    5e-05    8e-05        5      672      799      677   8.7    0  
3    500   0.05   0.7   -5.327e-01    0e+00    5e-05    1e-03        5     2399     3120     2404   34.6    4  
3    500   0.05   0.9   -5.394e-01    0e+00    5e-06    9e-04        6     2972     4426     2978   45.8    4  
3    500   0.10   0.1   -5.336e-01    0e+00    5e-06    7e-05        6     2510     3754     2516   38.7    0  
3    500   0.10   0.3   -5.100e-01    0e+00    5e-05    2e-03        5     2189     2944     2194   33.0    4  
3    500   0.10   0.7   -5.287e-01    0e+00    5e-06    7e-05        6     3071     4456     3077   46.7    0  
3    500   0.10   0.9   -5.478e-01    0e+00    5e-05    1e-04        5      725      881      730   9.5    0  
3    500   0.25   0.1   -5.247e-01    0e+00    5e-06    9e-05        6     2623     3774     2629   40.2    0  
3    500   0.25   0.3   -5.649e-01    0e+00    5e-05    7e-05        5     1621     2223     1626   22.5    0  
3    500   0.25   0.7   -5.718e-01    0e+00    5e-05    9e-05        5     1916     2619     1921   28.7    0  
3    500   0.25   0.9   -6.018e-01    0e+00    5e-05    1e-04        5     1380     1897     1385   19.1    0  
3    500   0.50   0.1   -5.514e-01    0e+00    5e-05    7e-05        5     1324     1882     1329   19.6    0  
3    500   0.50   0.3   -5.851e-01    0e+00    5e-06    1e-04        6     2562     3575     2568   39.0    0  
3    500   0.50   0.7   -6.398e-01    0e+00    5e-05    8e-05        5     1417     1942     1422   21.4    0  
3    500   0.50   0.9   -6.390e-01    0e+00    5e-05    1e-04        5     1368     1880     1373   20.6    0  
3    500   1.00   0.1   -6.398e-01    0e+00    5e-05    6e-05        5     1137     1535     1142   16.4    0  
3    500   1.00   0.3   -6.887e-01    0e+00    5e-05    9e-05        5      944     1423      949   14.9    0  
3    500   1.00   0.7   -7.336e-01    0e+00    5e-05    7e-05        5      983     1421      988   14.6    0  
3    500   1.00   0.9   -7.332e-01    0e+00    5e-05    7e-05        5      385      485      390   5.9    0  
3    500   2.00   0.1   -8.037e-01    0e+00    5e-05    7e-05        5      834     1157      839   13.3    0  
3    500   2.00   0.3   -8.437e-01    0e+00    5e-05    7e-05        5      736     1113      741   11.9    0  
3    500   2.00   0.7   -8.531e-01    0e+00    5e-05    6e-05        5      286      393      291   4.3    0  
3    500   2.00   0.9   -8.992e-01    0e+00    5e-05    6e-05        5      220      326      225   3.7    0  
3   1000   0.05   0.1   -5.117e-01    0e+00    5e-06    8e-05        6     2507     3575     2513   81.9    0  
3   1000   0.05   0.3   -5.120e-01    0e+00    5e-06    1e-03        6     2941     4305     2947   95.4    4  
3   1000   0.05   0.7   -5.312e-01    0e+00    5e-05    6e-03        5     2141     2899     2146   63.8    4  
3   1000   0.05   0.9   -5.381e-01    0e+00    5e-06    2e-03        6     2732     3873     2738   86.4    4  
3   1000   0.10   0.1   -5.087e-01    0e+00    5e-05    9e-04        5     2148     2904     2153   66.5    4  
3   1000   0.10   0.3   -5.099e-01    0e+00    5e-06    9e-04        6     2898     4009     2904   87.7    4  
3   1000   0.10   0.7   -5.527e-01    0e+00    5e-06    2e-04        6     2686     3915     2692   84.8    4  
3   1000   0.10   0.9   -5.600e-01    0e+00    5e-06    8e-04        6     2659     3845     2665   82.6    4  
3   1000   0.25   0.1   -5.032e-01    0e+00    5e-06    7e-04        6     3003     4280     3009   93.8    4  
3   1000   0.25   0.3   -5.538e-01    0e+00    5e-05    9e-05        5     1350     1729     1355   37.5    0  
3   1000   0.25   0.7   -5.720e-01    0e+00    5e-05    1e-04        5     1578     2043     1583   45.3    0  
3   1000   0.25   0.9   -6.036e-01    0e+00    5e-05    1e-04        5     1630     2095     1635   50.4    0  
3   1000   0.50   0.1   -5.422e-01    0e+00    5e-06    1e-03        6     2773     3915     2779   86.8    4  
3   1000   0.50   0.3   -5.626e-01    0e+00    5e-05    8e-05        5     1397     1753     1402   39.1    0  
3   1000   0.50   0.7   -6.209e-01    0e+00    5e-05    5e-05        5     1439     1838     1444   41.1    0  
3   1000   0.50   0.9   -6.386e-01    0e+00    5e-05    9e-05        5     1325     1726     1330   39.6    0  
3   1000   1.00   0.1   -6.335e-01    0e+00    5e-05    9e-05        5      910     1227      915   26.1    0  
3   1000   1.00   0.3   -6.598e-01    0e+00    5e-05    9e-05        5      938     1235      943   28.0    0  
3   1000   1.00   0.7   -6.783e-01    0e+00    5e-05    6e-05        5     1097     1450     1102   31.7    0  
3   1000   1.00   0.9   -7.326e-01    0e+00    5e-05    1e-04        5      779     1061      784   24.0    0  
3   1000   2.00   0.1   -8.214e-01    0e+00    5e-05    5e-05        5      624      894      629   20.4    0  
3   1000   2.00   0.3   -8.397e-01    0e+00    5e-05    9e-05        5      693      918      698   19.6    0  
3   1000   2.00   0.7   -8.540e-01    0e+00    5e-05    5e-05        5      664      925      669   19.9    0  
3   1000   2.00   0.9   -8.710e-01    0e+00    5e-05    9e-05        5      674      985      679   20.1    0  
3   2000   0.05   0.1   -5.008e-01    0e+00    5e-06    4e-03        6     2867     3957     2873   189.9    4  
3   2000   0.05   0.3   -5.066e-01    0e+00    5e-06    2e-03        6     2920     3965     2926   185.7    4  
3   2000   0.05   0.7   -5.293e-01    0e+00    5e-06    4e-03        6     2890     3906     2896   182.2    4  
3   2000   0.05   0.9   -5.275e-01    0e+00    5e-06    9e-05        6     2665     3631     2671   168.6    0  
3   2000   0.10   0.1   -5.005e-01    0e+00    5e-06    1e-03        6     2727     3706     2733   174.1    4  
3   2000   0.10   0.3   -5.309e-01    0e+00    5e-06    8e-04        6     2602     3587     2608   167.1    4  
3   2000   0.10   0.7   -5.422e-01    0e+00    5e-06    9e-04        6     2723     3771     2729   170.6    4  
3   2000   0.10   0.9   -5.415e-01    0e+00    5e-06    2e-03        6     2924     3867     2930   184.9    4  
3   2000   0.25   0.1   -5.172e-01    0e+00    5e-06    8e-04        6     2613     3545     2619   169.0    4  
3   2000   0.25   0.3   -5.383e-01    0e+00    5e-06    3e-03        6     2954     4087     2960   191.5    4  
3   2000   0.25   0.7   -5.831e-01    0e+00    5e-05    8e-05        5     1368     1765     1373   84.5    0  
3   2000   0.25   0.9   -5.891e-01    0e+00    5e-06    1e-03        6     2544     3517     2550   166.3    4  
3   2000   0.50   0.1   -5.368e-01    0e+00    5e-06    3e-04        6     2481     3430     2487   164.6    4  
3   2000   0.50   0.3   -5.678e-01    0e+00    5e-05    6e-05        5     1312     1681     1317   78.9    0  
3   2000   0.50   0.7   -6.194e-01    0e+00    5e-05    9e-05        5     1298     1691     1303   82.6    0  
3   2000   0.50   0.9   -6.474e-01    0e+00    5e-05    9e-05        5     1146     1482     1151   72.8    0  
3   2000   1.00   0.1   -6.228e-01    0e+00    5e-05    7e-05        5      799     1042      804   50.3    0  
3   2000   1.00   0.3   -6.600e-01    0e+00    5e-05    1e-04        5      777     1013      782   50.3    0  
3   2000   1.00   0.7   -6.932e-01    0e+00    5e-05    1e-04        5      800     1014      805   52.4    0  
3   2000   1.00   0.9   -7.321e-01    0e+00    5e-05    9e-05        5      724      965      729   46.7    0  
3   2000   2.00   0.1   -7.966e-01    0e+00    5e-05    9e-05        5      593      799      598   38.1    0  
3   2000   2.00   0.3   -8.187e-01    0e+00    5e-05    9e-05        5      592      805      597   39.8    0  
3   2000   2.00   0.7   -8.564e-01    0e+00    5e-05    7e-05        5      532      705      537   32.9    0  
3   2000   2.00   0.9   -8.665e-01    0e+00    5e-05    7e-05        5      580      755      585   35.9    0  
4     20   0.05   0.1   -6.334e-01    0e+00    1e-04    8e-05        5      408      679      413   0.6    0  
4     20   0.05   0.3   -5.231e-01    0e+00    1e-04    1e-04        5      487      828      492   0.7    0  
4     20   0.05   0.7   -6.379e-01    0e+00    1e-04    7e-05        5      445      692      450   0.7    0  
4     20   0.05   0.9   -7.512e-01    0e+00    1e-04    7e-05        5      545      912      550   0.8    0  
4     20   0.10   0.1   -4.978e-01    0e+00    1e-04    7e-05        5      503      893      508   0.8    0  
4     20   0.10   0.3   -5.759e-01    0e+00    1e-04    8e-05        5      520      884      525   0.8    0  
4     20   0.10   0.7   -6.857e-01    0e+00    1e-04    1e-04        5      460      782      465   0.7    0  
4     20   0.10   0.9   -6.879e-01    0e+00    1e-04    7e-05        5      431      747      436   0.7    0  
4     20   0.25   0.1   -6.072e-01    0e+00    1e-04    4e-05        5      462      813      467   0.7    0  
4     20   0.25   0.3   -5.596e-01    0e+00    1e-04    1e-04        5      410      701      415   0.6    0  
4     20   0.25   0.7   -4.422e-01    0e+00    1e-04    9e-05        5      480      936      485   0.8    0  
4     20   0.25   0.9   -8.625e-01    0e+00    1e-04    6e-05        5      338      596      343   0.5    0  
4     20   0.50   0.1   -5.575e-01    0e+00    1e-04    8e-05        5      481      847      486   0.7    0  
4     20   0.50   0.3   -5.890e-01    0e+00    1e-04    8e-05        5      414      729      419   0.6    0  
4     20   0.50   0.7   -8.204e-01    0e+00    1e-04    5e-05        5      325      616      330   0.5    0  
4     20   0.50   0.9   -7.536e-01    0e+00    1e-04    5e-05        5      415      705      420   0.6    0  
4     20   1.00   0.1   -4.476e-01    0e+00    1e-04    7e-05        5      608     1041      613   0.9    0  
4     20   1.00   0.3   -4.364e-01    0e+00    1e-04    6e-05        5      509      808      514   0.8    0  
4     20   1.00   0.7   -9.980e-01    0e+00    1e-04    4e-05        5      260      462      265   0.4    0  
4     20   1.00   0.9   -8.076e-01    0e+00    1e-04    6e-05        5      329      511      334   0.5    0  
4     20   2.00   0.1   -7.264e-01    0e+00    1e-04    7e-05        5      417      803      422   0.6    0  
4     20   2.00   0.3   -7.436e-01    0e+00    1e-04    7e-05        5      391      747      396   0.6    0  
4     20   2.00   0.7   -8.768e-01    0e+00    1e-04    6e-05        5      238      441      243   0.4    0  
4     20   2.00   0.9   -8.568e-01    0e+00    1e-04    6e-05        5      207      385      212   0.3    0  
4     50   0.05   0.1   -5.091e-01    0e+00    1e-04    6e-05        5      779     1222      784   1.9    0  
4     50   0.05   0.3   -5.006e-01    0e+00    1e-04    9e-05        5     1389     1885     1394   3.3    0  
4     50   0.05   0.7   -5.467e-01    0e+00    1e-04    6e-05        5      989     1610      994   2.5    0  
4     50   0.05   0.9   -5.397e-01    0e+00    1e-04    1e-04        5     1025     1598     1030   2.4    0  
4     50   0.10   0.1   -5.587e-01    0e+00    1e-04    8e-05        5      859     1474      864   2.3    0  
4     50   0.10   0.3   -6.201e-01    0e+00    1e-04    5e-05        5      815     1276      820   1.8    0  
4     50   0.10   0.7   -5.769e-01    0e+00    1e-04    6e-05        5      713     1131      718   1.7    0  
4     50   0.10   0.9   -5.711e-01    0e+00    1e-04    7e-05        5     1678     2505     1683   4.0    0  
4     50   0.25   0.1   -4.929e-01    0e+00    1e-04    1e-04        5     1010     1604     1015   2.5    0  
4     50   0.25   0.3   -6.209e-01    0e+00    1e-04    9e-05        5      860     1378      865   2.1    0  
4     50   0.25   0.7   -5.724e-01    0e+00    1e-04    9e-05        5     1051     1521     1056   2.5    0  
4     50   0.25   0.9   -5.806e-01    0e+00    1e-04    8e-05        5     1727     2221     1732   4.0    0  
4     50   0.50   0.1   -5.961e-01    0e+00    1e-04    7e-05        5      976     1520      981   2.2    0  
4     50   0.50   0.3   -6.703e-01    0e+00    1e-04    1e-04        5      675     1008      680   1.6    0  
4     50   0.50   0.7   -6.174e-01    0e+00    1e-04    7e-05        5      715     1063      720   1.6    0  
4     50   0.50   0.9   -7.237e-01    0e+00    1e-04    9e-05        5      630      899      635   1.4    0  
4     50   1.00   0.1   -6.798e-01    0e+00    1e-04    7e-05        5      709     1150      714   1.6    0  
4     50   1.00   0.3   -6.526e-01    0e+00    1e-04    9e-05        5      891     1332      896   2.0    0  
4     50   1.00   0.7   -6.691e-01    0e+00    1e-04    1e-04        5      997     1426     1002   2.3    0  
4     50   1.00   0.9   -7.112e-01    0e+00    1e-04    8e-05        5      515      799      520   1.3    0  
4     50   2.00   0.1   -7.570e-01    0e+00    1e-04    8e-05        5      663     1129      668   1.7    0  
4     50   2.00   0.3   -8.036e-01    0e+00    1e-04    9e-05        5      510      786      515   1.3    0  
4     50   2.00   0.7   -8.584e-01    0e+00    1e-04    7e-05        5      388      615      393   0.9    0  
4     50   2.00   0.9   -8.670e-01    0e+00    1e-04    8e-05        5      375      634      380   1.0    0  
4    200   0.05   0.1   -5.035e-01    0e+00    1e-05    9e-05        6     3497     5365     3503   25.1    0  
4    200   0.05   0.3   -5.263e-01    0e+00    1e-04    3e-03        5     2529     3444     2534   16.6    4  
4    200   0.05   0.7   -5.911e-01    0e+00    1e-05    9e-05        6     2990     4674     2996   20.8    0  
4    200   0.05   0.9   -5.455e-01    0e+00    1e-04    9e-05        5     1951     2766     1956   13.1    0  
4    200   0.10   0.1   -5.085e-01    0e+00    1e-04    9e-03        5     2609     3771     2614   17.5    4  
4    200   0.10   0.3   -5.356e-01    0e+00    1e-04    8e-05        5     2338     3352     2343   16.0    0  
4    200   0.10   0.7   -5.258e-01    0e+00    1e-04    8e-05        5     2210     3132     2215   14.2    0  
4    200   0.10   0.9   -5.645e-01    0e+00    1e-05    8e-05        6     2979     4239     2985   20.5    0  
4    200   0.25   0.1   -4.946e-01    0e+00    1e-05    9e-05        6     3666     5380     3672   24.6    0  
4    200   0.25   0.3   -5.233e-01    0e+00    1e-05    1e-04        6     3105     5051     3111   22.2    0  
4    200   0.25   0.7   -5.584e-01    0e+00    1e-05    3e-03        6     3386     5542     3392   24.1    4  
4    200   0.25   0.9   -6.027e-01    0e+00    1e-05    6e-05        6     3409     5490     3415   24.3    0  
4    200   0.50   0.1   -5.710e-01    0e+00    1e-04    9e-05        5     2232     3291     2237   14.6    0  
4    200   0.50   0.3   -6.139e-01    0e+00    1e-04    1e-04        5     1914     2832     1919   13.4    0  
4    200   0.50   0.7   -6.347e-01    0e+00    1e-04    9e-05        5     2195     3339     2200   15.4    0  
4    200   0.50   0.9   -5.888e-01    0e+00    1e-04    7e-05        5     2149     3149     2154   15.0    0  
4    200   1.00   0.1   -6.968e-01    0e+00    1e-04    7e-05        5     1189     1897     1194   8.5    0  
4    200   1.00   0.3   -6.166e-01    0e+00    1e-04    1e-04        5     1439     2035     1444   9.9    0  
4    200   1.00   0.7   -7.172e-01    0e+00    1e-04    5e-05        5     1158     1770     1163   8.2    0  
4    200   1.00   0.9   -7.726e-01    0e+00    1e-04    1e-04        5     1229     1921     1234   8.9    0  
4    200   2.00   0.1   -7.238e-01    0e+00    1e-04    8e-05        5     1323     2085     1328   9.3    0  
4    200   2.00   0.3   -8.296e-01    0e+00    1e-04    6e-05        5      998     1582     1003   6.9    0  
4    200   2.00   0.7   -8.562e-01    0e+00    1e-04    5e-05        5      825     1272      830   5.8    0  
4    200   2.00   0.9   -8.765e-01    0e+00    1e-04    9e-05        5      731     1144      736   5.4    0  
4    500   0.05   0.1   -5.231e-01    0e+00    1e-04    7e-03        5     2575     3703     2580   40.2    4  
4    500   0.05   0.3   -5.150e-01    0e+00    1e-04    4e-02        5     2865     4076     2870   44.5    4  
4    500   0.05   0.7   -5.324e-01    0e+00    1e-04    5e-03        5     2611     3807     2616   41.0    4  
4    500   0.05   0.9   -5.389e-01    0e+00    1e-04    2e-02        5     2624     3830     2629   41.5    4  
4    500   0.10   0.1   -5.331e-01    0e+00    1e-04    2e-02        5     2559     3753     2564   40.7    4  
4    500   0.10   0.3   -5.089e-01    0e+00    1e-04    3e-02        5     2648     3882     2653   41.4    4  
4    500   0.10   0.7   -5.282e-01    0e+00    1e-04    6e-03        5     2677     3874     2682   42.5    4  
4    500   0.10   0.9   -5.474e-01    0e+00    1e-04    1e-02        5     2581     3806     2586   40.5    4  
4    500   0.25   0.1   -5.242e-01    0e+00    1e-04    2e-02        5     2579     3760     2584   39.9    4  
4    500   0.25   0.3   -5.647e-01    0e+00    1e-04    4e-02        5     2490     3690     2495   36.8    4  
4    500   0.25   0.7   -5.716e-01    0e+00    1e-04    7e-03        5     2535     3729     2540   40.2    4  
4    500   0.25   0.9   -6.016e-01    0e+00    1e-04    3e-03        5     2463     3598     2468   39.2    4  
4    500   0.50   0.1   -5.516e-01    0e+00    1e-05    5e-03        6     3462     5326     3468   55.7    4  
4    500   0.50   0.3   -5.847e-01    0e+00    1e-04    2e-02        5     2481     3614     2486   38.6    4  
4    500   0.50   0.7   -6.399e-01    0e+00    1e-05    1e-02        6     3260     5236     3266   54.0    4  
4    500   0.50   0.9   -6.391e-01    0e+00    1e-05    2e-02        6     3317     5504     3323   56.7    4  
4    500   1.00   0.1   -6.400e-01    0e+00    1e-05    3e-03        6     2998     4765     3004   49.7    4  
4    500   1.00   0.3   -6.885e-01    0e+00    1e-04    7e-05        5     1722     2609     1727   27.4    0  
4    500   1.00   0.7   -7.334e-01    0e+00    1e-04    9e-05        5     1796     2731     1801   29.2    0  
4    500   1.00   0.9   -7.332e-01    0e+00    1e-04    9e-05        5     1779     2796     1784   28.6    0  
4    500   2.00   0.1   -8.034e-01    0e+00    1e-04    6e-05        5     1500     2342     1505   24.4    0  
4    500   2.00   0.3   -8.435e-01    0e+00    1e-04    7e-05        5     1442     2164     1447   22.6    0  
4    500   2.00   0.7   -8.529e-01    0e+00    1e-04    7e-05        5     1351     2129     1356   22.1    0  
4    500   2.00   0.9   -8.991e-01    0e+00    1e-04    5e-05        5      929     1544      934   14.7    0  
4   1000   0.05   0.1   -5.108e-01    0e+00    1e-04    3e-02        5     2792     3934     2797   87.8    4  
4   1000   0.05   0.3   -5.112e-01    0e+00    1e-04    1e-02        5     2785     4013     2790   86.7    4  
4   1000   0.05   0.7   -5.304e-01    0e+00    1e-04    1e-01        5     2755     3837     2760   83.6    4  
4   1000   0.05   0.9   -5.374e-01    0e+00    1e-04    4e-02        5     2626     3718     2631   82.9    4  
4   1000   0.10   0.1   -5.080e-01    0e+00    1e-04    2e-01        5     2678     3759     2683   79.1    4  
4   1000   0.10   0.3   -5.091e-01    0e+00    1e-04    4e-02        5     2661     3746     2666   82.4    4  
4   1000   0.10   0.7   -5.521e-01    0e+00    1e-04    1e-02        5     2532     3685     2537   79.7    4  
4   1000   0.10   0.9   -5.593e-01    0e+00    1e-04    2e-02        5     2681     3870     2686   84.4    4  
4   1000   0.25   0.1   -5.021e-01    0e+00    1e-04    8e-02        5     2758     3944     2763   83.7    4  
4   1000   0.25   0.3   -5.534e-01    0e+00    1e-04    7e-03        5     2567     3755     2572   81.8    4  
4   1000   0.25   0.7   -5.717e-01    0e+00    1e-04    2e-02        5     2537     3611     2542   79.0    4  
4   1000   0.25   0.9   -6.034e-01    0e+00    1e-04    2e-02        5     2447     3549     2452   77.7    4  
4   1000   0.50   0.1   -5.414e-01    0e+00    1e-04    1e-02        5     2537     3640     2542   81.6    4  
4   1000   0.50   0.3   -5.622e-01    0e+00    1e-04    2e-02        5     2579     3625     2584   77.8    4  
4   1000   0.50   0.7   -6.207e-01    0e+00    1e-04    9e-03        5     2449     3424     2454   76.0    4  
4   1000   0.50   0.9   -6.385e-01    0e+00    1e-04    1e-02        5     2409     3443     2414   73.7    4  
4   1000   1.00   0.1   -6.338e-01    0e+00    1e-05    2e-02        6     3118     4767     3124   101.5    4  
4   1000   1.00   0.3   -6.600e-01    0e+00    1e-05    5e-03        6     3202     4906     3208   108.3    4  
4   1000   1.00   0.7   -6.784e-01    0e+00    1e-05    1e-02        6     3198     4975     3204   105.4    4  
4   1000   1.00   0.9   -7.327e-01    0e+00    1e-05    3e-03        6     3138     5084     3144   103.8    4  
4   1000   2.00   0.1   -8.209e-01    0e+00    1e-04    9e-05        5     1752     2605     1757   55.5    0  
4   1000   2.00   0.3   -8.393e-01    0e+00    1e-04    5e-05        5     1740     2493     1745   53.3    0  
4   1000   2.00   0.7   -8.538e-01    0e+00    1e-04    6e-05        5     1592     2377     1597   51.4    0  
4   1000   2.00   0.9   -8.709e-01    0e+00    1e-04    6e-05        5     1581     2556     1586   53.0    0  
4   2000   0.05   0.1   -4.880e-01    0e+00    1e-03    6e-02        4     2010     2645     2014   132.2    4  
4   2000   0.05   0.3   -5.054e-01    0e+00    1e-04    7e-02        5     2646     3666     2651   174.1    4  
4   2000   0.05   0.7   -5.277e-01    0e+00    1e-04    1e-01        5     2728     3754     2733   181.9    4  
4   2000   0.05   0.9   -5.261e-01    0e+00    1e-04    2e-01        5     2646     3629     2651   187.6    4  
4   2000   0.10   0.1   -4.991e-01    0e+00    1e-04    7e-02        5     2982     3996     2987   202.9    4  
4   2000   0.10   0.3   -5.297e-01    0e+00    1e-04    2e-01        5     2671     3696     2676   174.3    4  
4   2000   0.10   0.7   -5.411e-01    0e+00    1e-04    2e-02        5     2694     3736     2699   181.1    4  
4   2000   0.10   0.9   -5.399e-01    0e+00    1e-04    2e-01        5     2555     3598     2560   165.8    4  
4   2000   0.25   0.1   -5.160e-01    0e+00    1e-04    3e-02        5     2532     3530     2537   169.9    4  
4   2000   0.25   0.3   -5.373e-01    0e+00    1e-04    8e-02        5     2547     3522     2552   167.6    4  
4   2000   0.25   0.7   -5.827e-01    0e+00    1e-04    8e-03        5     2367     3290     2372   151.6    4  
4   2000   0.25   0.9   -5.884e-01    0e+00    1e-04    4e-02        5     2487     3489     2492   160.9    4  
4   2000   0.50   0.1   -5.356e-01    0e+00    1e-04    4e-02        5     2539     3497     2544   163.6    4  
4   2000   0.50   0.3   -5.673e-01    0e+00    1e-04    3e-02        5     2471     3477     2476   161.6    4  
4   2000   0.50   0.7   -6.191e-01    0e+00    1e-04    1e-02        5     2423     3374     2428   157.0    4  
4   2000   0.50   0.9   -6.471e-01    0e+00    1e-04    3e-02        5     2370     3390     2375   159.6    4  
4   2000   1.00   0.1   -6.232e-01    0e+00    1e-05    1e-01        6     3290     4810     3296   216.5    4  
4   2000   1.00   0.3   -6.603e-01    0e+00    1e-05    2e-01        6     3256     4726     3262   217.9    4  
4   2000   1.00   0.7   -6.929e-01    0e+00    1e-04    5e-03        5     2325     3250     2330   151.8    4  
4   2000   1.00   0.9   -7.322e-01    0e+00    1e-05    8e-03        6     3260     4952     3266   223.5    4  
4   2000   2.00   0.1   -7.970e-01    0e+00    1e-05    1e-02        6     2915     4253     2921   194.8    4  
4   2000   2.00   0.3   -8.190e-01    0e+00    1e-05    1e-02        6     2850     4203     2856   192.3    4  
4   2000   2.00   0.7   -8.565e-01    0e+00    1e-05    2e-02        6     2813     4306     2819   199.4    4  
4   2000   2.00   0.9   -8.665e-01    0e+00    1e-05    5e-03        6     2805     4658     2811   201.1    4  
5     20   0.05   0.1   -6.335e-01    0e+00    5e-05    7e-05       11      326      438      337   0.4    0  
5     20   0.05   0.3   -5.232e-01    0e+00    4e-05    9e-05       12      399      523      411   0.5    0  
5     20   0.05   0.7   -6.380e-01    0e+00    5e-05    9e-05       12      368      497      380   0.5    0  
5     20   0.05   0.9   -7.513e-01    0e+00    4e-05    1e-04       13      427      577      440   0.5    0  
5     20   0.10   0.1   -4.979e-01    0e+00    3e-05    9e-05       12      420      564      432   0.5    0  
5     20   0.10   0.3   -5.759e-01    0e+00    4e-05    9e-05       12      369      496      381   0.5    0  
5     20   0.10   0.7   -6.858e-01    0e+00    9e-05    9e-05       12      359      493      371   0.5    0  
5     20   0.10   0.9   -6.880e-01    0e+00    4e-05    3e-05       12      384      535      396   0.5    0  
5     20   0.25   0.1   -6.072e-01    0e+00    4e-05    7e-05       14      533      719      547   0.7    0  
5     20   0.25   0.3   -5.597e-01    0e+00    1e-04    9e-05       11      347      460      358   0.4    0  
5     20   0.25   0.7   -4.423e-01    0e+00    4e-05    4e-05       13      435      622      448   0.6    0  
5     20   0.25   0.9   -8.626e-01    0e+00    9e-05    7e-05       12      309      429      321   0.4    0  
5     20   0.50   0.1   -5.576e-01    0e+00    5e-05    7e-05       12      425      560      437   0.6    0  
5     20   0.50   0.3   -5.891e-01    0e+00    4e-05    4e-05       13      430      573      443   0.6    0  
5     20   0.50   0.7   -8.204e-01    0e+00    3e-05    7e-05       12      289      405      301   0.4    0  
5     20   0.50   0.9   -7.537e-01    0e+00    4e-05    1e-04       12      336      459      348   0.4    0  
5     20   1.00   0.1   -4.477e-01    0e+00    5e-05    8e-05       12      477      623      489   0.6    0  
5     20   1.00   0.3   -4.365e-01    0e+00    3e-05    8e-05       12      480      623      492   0.6    0  
5     20   1.00   0.7   -9.981e-01    0e+00    6e-05    4e-05       12      296      416      308   0.4    0  
5     20   1.00   0.9   -8.076e-01    0e+00    9e-05    8e-05       11      290      405      301   0.4    0  
5     20   2.00   0.1   -7.266e-01    0e+00    7e-05    3e-05       12      407      542      419   0.5    0  
5     20   2.00   0.3   -7.437e-01    0e+00    6e-05    8e-05       13      381      551      394   0.5    0  
5     20   2.00   0.7   -8.768e-01    0e+00    6e-05    1e-04       12      240      361      252   0.3    0  
5     20   2.00   0.9   -8.568e-01    0e+00    6e-05    7e-05       11      167      257      178   0.2    0  
5     50   0.05   0.1   -5.092e-01    0e+00    8e-05    7e-05       12      616      763      628   1.3    0  
5     50   0.05   0.3   -5.007e-01    0e+00    5e-05    8e-05       12      955     1108      967   1.9    0  
5     50   0.05   0.7   -5.469e-01    0e+00    7e-05    7e-05       12      873     1020      885   1.7    0  
5     50   0.05   0.9   -5.398e-01    0e+00    7e-05    1e-04       12     1039     1204     1051   2.0    0  
5     50   0.10   0.1   -5.590e-01    0e+00    7e-05    5e-05       12      669      806      681   1.3    0  
5     50   0.10   0.3   -6.203e-01    0e+00    9e-05    7e-05       12      741      878      753   1.5    0  
5     50   0.10   0.7   -5.770e-01    0e+00    7e-05    7e-05       12      596      732      608   1.2    0  
5     50   0.10   0.9   -6.156e-01    0e+00    6e-05    7e-05       12      692      870      704   1.5    0  
5     50   0.25   0.1   -4.930e-01    0e+00    7e-05    9e-05       12      769      929      781   1.6    0  
5     50   0.25   0.3   -6.210e-01    0e+00    8e-05    9e-05       12      579      710      591   1.2    0  
5     50   0.25   0.7   -5.725e-01    0e+00    6e-05    9e-05       12      723      881      735   1.4    0  
5     50   0.25   0.9   -5.807e-01    0e+00    4e-05    7e-05       12      878     1041      890   1.7    0  
5     50   0.50   0.1   -5.963e-01    0e+00    4e-05    7e-05       13     1030     1203     1043   2.0    0  
5     50   0.50   0.3   -6.704e-01    0e+00    5e-05    6e-05       12      521      647      533   1.1    0  
5     50   0.50   0.7   -6.175e-01    0e+00    4e-05    8e-05       12      471      604      483   1.0    0  
5     50   0.50   0.9   -7.237e-01    0e+00    3e-05    9e-05       12      316      431      328   0.6    0  
5     50   1.00   0.1   -6.799e-01    0e+00    4e-05    5e-05       12      460      576      472   0.9    0  
5     50   1.00   0.3   -6.527e-01    0e+00    8e-05    9e-05       12      618      760      630   1.3    0  
5     50   1.00   0.7   -6.692e-01    0e+00    7e-05    7e-05       12      670      830      682   1.3    0  
5     50   1.00   0.9   -7.112e-01    0e+00    6e-05    8e-05       12      310      457      322   0.7    0  
5     50   2.00   0.1   -7.572e-01    0e+00    4e-05    9e-05       13      601      748      614   1.2    0  
5     50   2.00   0.3   -8.037e-01    0e+00    9e-05    7e-05       11      363      479      374   0.7    0  
5     50   2.00   0.7   -8.584e-01    0e+00    7e-05    1e-04       11      286      393      297   0.6    0  
5     50   2.00   0.9   -8.671e-01    0e+00    4e-05    1e-04       13      356      507      369   0.7    0  
5    200   0.05   0.1   -5.035e-01    0e+00    5e-05    1e-04       13     3318     3563     3331   19.6    0  
5    200   0.05   0.3   -5.266e-01    0e+00    4e-05    1e-04       13     2735     2977     2748   15.8    0  
5    200   0.05   0.7   -5.912e-01    0e+00    6e-05    9e-05       14     2994     3320     3008   17.5    0  
5    200   0.05   0.9   -5.458e-01    0e+00    9e-05    1e-04       13     1781     1974     1794   10.3    0  
5    200   0.10   0.1   -5.089e-01    0e+00    4e-05    1e-04       13     4168     4425     4181   24.0    0  
5    200   0.10   0.3   -5.360e-01    0e+00    4e-05    7e-05       13     2076     2308     2089   12.1    0  
5    200   0.10   0.7   -5.262e-01    0e+00    6e-05    1e-04       14     2619     2877     2633   15.1    0  
5    200   0.10   0.9   -5.645e-01    0e+00    4e-05    8e-05       13     1742     1935     1755   10.2    0  
5    200   0.25   0.1   -4.883e-01    0e+00    7e-05    1e-04       13     3592     3838     3605   20.5    0  
5    200   0.25   0.3   -5.233e-01    0e+00    6e-05    9e-05       14     3371     3613     3385   19.1    0  
5    200   0.25   0.7   -5.584e-01    0e+00    1e-04    9e-05       13     2882     3175     2895   16.6    0  
5    200   0.25   0.9   -6.027e-01    0e+00    5e-05    1e-04       14     3426     3772     3440   19.6    0  
5    200   0.50   0.1   -5.712e-01    0e+00    7e-05    1e-04       13     2392     2628     2405   13.9    0  
5    200   0.50   0.3   -6.141e-01    0e+00    6e-05    9e-05       13     2078     2289     2091   11.8    0  
5    200   0.50   0.7   -6.349e-01    0e+00    1e-04    9e-05       13     2170     2441     2183   12.7    0  
5    200   0.50   0.9   -5.889e-01    0e+00    4e-05    1e-04       13     1913     2160     1926   10.9    0  
5    200   1.00   0.1   -6.972e-01    0e+00    4e-05    1e-04       13     1340     1519     1353   7.7    0  
5    200   1.00   0.3   -6.169e-01    0e+00    4e-05    9e-05       13     1483     1677     1496   8.6    0  
5    200   1.00   0.7   -7.174e-01    0e+00    4e-05    1e-04       13     1277     1462     1290   7.5    0  
5    200   1.00   0.9   -7.727e-01    0e+00    1e-04    9e-05       13      818     1012      831   5.0    0  
5    200   2.00   0.1   -7.242e-01    0e+00    1e-04    9e-05       13     1537     1717     1550   9.0    0  
5    200   2.00   0.3   -8.299e-01    0e+00    7e-05    1e-04       13     1063     1230     1076   6.2    0  
5    200   2.00   0.7   -8.563e-01    0e+00    4e-05    7e-05       13      727      893      740   4.4    0  
5    200   2.00   0.9   -8.765e-01    0e+00    6e-05    9e-05       14      426      616      440   2.8    0  
5    500   0.05   0.1   -5.237e-01    0e+00    1e-04    3e-04       13     3771     4034     3784   48.0    4  
5    500   0.05   0.3   -5.161e-01    0e+00    8e-05    1e-04       13     3386     3601     3399   41.7    0  
5    500   0.05   0.7   -5.329e-01    0e+00    3e-05    1e-04       14     4302     4594     4316   55.4    0  
5    500   0.05   0.9   -5.394e-01    0e+00    1e-04    3e-04       13     3687     3937     3700   46.5    4  
5    500   0.10   0.1   -5.336e-01    0e+00    4e-05    5e-04       14     4455     4735     4469   54.7    4  
5    500   0.10   0.3   -5.102e-01    0e+00    1e-04    3e-04       13     4205     4455     4218   52.1    4  
5    500   0.10   0.7   -5.287e-01    0e+00    5e-05    8e-04       14     4581     4891     4595   56.7    4  
5    500   0.10   0.9   -5.479e-01    0e+00    6e-05    8e-05       14     3873     4122     3887   49.1    0  
5    500   0.25   0.1   -5.248e-01    0e+00    3e-05    3e-04       14     4438     4699     4452   55.9    4  
5    500   0.25   0.3   -5.652e-01    0e+00    9e-05    1e-04       13     2865     3100     2878   36.9    0  
5    500   0.25   0.7   -5.720e-01    0e+00    1e-05    7e-04       15     4988     5416     5003   63.1    4  
5    500   0.25   0.9   -6.019e-01    0e+00    4e-05    8e-05       14     3226     3522     3240   40.0    0  
5    500   0.50   0.1   -5.517e-01    0e+00    5e-05    9e-05       14     3712     4007     3726   46.4    0  
5    500   0.50   0.3   -5.851e-01    0e+00    4e-05    9e-05       14     4162     4547     4176   53.9    0  
5    500   0.50   0.7   -6.399e-01    0e+00    4e-05    1e-04       14     2867     3124     2881   35.9    0  
5    500   0.50   0.9   -6.391e-01    0e+00    5e-05    8e-05       14     2582     2857     2596   33.0    0  
5    500   1.00   0.1   -6.400e-01    0e+00    6e-05    1e-04       14     2594     2827     2608   33.4    0  
5    500   1.00   0.3   -6.889e-01    0e+00    5e-05    9e-05       14     2739     2987     2753   34.9    0  
5    500   1.00   0.7   -7.337e-01    0e+00    5e-05    9e-05       14     2178     2415     2192   27.4    0  
5    500   1.00   0.9   -7.333e-01    0e+00    9e-05    9e-05       13     1212     1397     1225   15.5    0  
5    500   2.00   0.1   -8.039e-01    0e+00    1e-04    1e-04       13     1350     1537     1363   17.2    0  
5    500   2.00   0.3   -8.439e-01    0e+00    5e-05    7e-05       14     1678     1900     1692   21.3    0  
5    500   2.00   0.7   -8.531e-01    0e+00    7e-05    1e-04       13     1099     1282     1112   14.2    0  
5    500   2.00   0.9   -8.992e-01    0e+00    9e-05    9e-05       13      532      708      545   7.5    0  
5   1000   0.05   0.1   -5.118e-01    0e+00    6e-05    3e-04       14     4529     4857     4543   119.8    4  
5   1000   0.05   0.3   -5.120e-01    0e+00    1e-04    6e-04       13     4036     4314     4049   104.5    4  
5   1000   0.05   0.7   -5.314e-01    0e+00    1e-04    6e-04       13     4224     4473     4237   109.1    4  
5   1000   0.05   0.9   -5.381e-01    0e+00    5e-05    4e-04       14     4464     4758     4478   117.5    4  
5   1000   0.10   0.1   -5.090e-01    0e+00    6e-05    2e-04       14     4876     5213     4890   127.1    4  
5   1000   0.10   0.3   -5.099e-01    0e+00    1e-04    7e-04       13     3848     4101     3861   98.2    4  
5   1000   0.10   0.7   -5.527e-01    0e+00    6e-05    3e-04       14     4166     4454     4180   108.0    4  
5   1000   0.10   0.9   -5.600e-01    0e+00    2e-05    4e-04       15     5177     5524     5192   135.0    4  
5   1000   0.25   0.1   -5.031e-01    0e+00    1e-04    4e-04       13     3809     4093     3822   99.1    4  
5   1000   0.25   0.3   -5.541e-01    0e+00    1e-05    9e-05       15     4446     4764     4461   124.4    0  
5   1000   0.25   0.7   -5.722e-01    0e+00    4e-05    2e-04       14     4065     4345     4079   115.1    4  
5   1000   0.25   0.9   -6.038e-01    0e+00    4e-05    1e-04       14     3443     3700     3457   96.2    0  
5   1000   0.50   0.1   -5.422e-01    0e+00    1e-04    2e-04       13     3597     3838     3610   99.3    4  
5   1000   0.50   0.3   -5.629e-01    0e+00    3e-05    3e-04       15     4928     5281     4943   134.8    4  
5   1000   0.50   0.7   -6.211e-01    0e+00    2e-05    1e-04       15     4351     4640     4366   123.5    0  
5   1000   0.50   0.9   -6.388e-01    0e+00    4e-05    9e-05       14     2865     3137     2879   80.9    0  
5   1000   1.00   0.1   -6.339e-01    0e+00    6e-05    1e-04       14     2713     2995     2727   75.9    0  
5   1000   1.00   0.3   -6.600e-01    0e+00    9e-05    8e-05       13     1519     1691     1532   46.7    0  
5   1000   1.00   0.7   -6.784e-01    0e+00    5e-05    1e-04       14     2440     2674     2454   69.7    0  
5   1000   1.00   0.9   -7.327e-01    0e+00    6e-05    9e-05       14     1761     1986     1775   51.2    0  
5   1000   2.00   0.1   -8.218e-01    0e+00    5e-05    1e-04       14     1779     2009     1793   49.7    0  
5   1000   2.00   0.3   -8.400e-01    0e+00    3e-05    8e-05       14     1664     1865     1678   46.3    0  
5   1000   2.00   0.7   -8.540e-01    0e+00    7e-05    9e-05       13     1017     1199     1030   31.5    0  
5   1000   2.00   0.9   -8.710e-01    0e+00    6e-05    8e-05       14     1243     1491     1257   36.4    0  
5   2000   0.05   0.1   -5.007e-01    0e+00    1e-04    2e-03       13     4087     4403     4100   253.2    4  
5   2000   0.05   0.3   -5.065e-01    0e+00    1e-04    6e-04       13     4157     4440     4170   245.9    4  
5   2000   0.05   0.7   -5.292e-01    0e+00    1e-04    4e-04       13     3760     4034     3773   218.0    4  
5   2000   0.05   0.9   -5.274e-01    0e+00    1e-04    8e-04       13     3617     3878     3630   211.1    4  
5   2000   0.10   0.1   -5.004e-01    0e+00    1e-04    5e-04       13     4270     4548     4283   252.4    4  
5   2000   0.10   0.3   -5.309e-01    0e+00    6e-05    3e-04       14     4491     4829     4505   270.4    4  
5   2000   0.10   0.7   -5.421e-01    0e+00    1e-04    5e-04       13     3642     3939     3655   219.8    4  
5   2000   0.10   0.9   -5.414e-01    0e+00    1e-04    5e-04       13     3701     3956     3714   212.6    4  
5   2000   0.25   0.1   -5.171e-01    0e+00    1e-04    4e-04       13     3492     3733     3505   211.3    4  
5   2000   0.25   0.3   -5.379e-01    0e+00    3e-04    2e-04       12     3120     3381     3132   183.8    4  
5   2000   0.25   0.7   -5.835e-01    0e+00    2e-05    5e-04       15     4838     5168     4853   297.4    4  
5   2000   0.25   0.9   -5.891e-01    0e+00    5e-05    4e-04       14     4221     4497     4235   245.2    4  
5   2000   0.50   0.1   -5.368e-01    0e+00    6e-05    4e-04       14     3935     4243     3949   233.8    4  
5   2000   0.50   0.3   -5.683e-01    0e+00    5e-05    3e-04       14     3911     4171     3925   232.8    4  
5   2000   0.50   0.7   -6.197e-01    0e+00    3e-05    3e-04       15     4348     4661     4363   260.4    4  
5   2000   0.50   0.9   -6.477e-01    0e+00    6e-05    9e-05       14     3080     3342     3094   183.0    0  
5   2000   1.00   0.1   -6.232e-01    0e+00    6e-05    8e-05       14     2604     2902     2618   152.7    0  
5   2000   1.00   0.3   -6.604e-01    0e+00    6e-05    1e-04       14     2499     2793     2513   152.5    0  
5   2000   1.00   0.7   -6.934e-01    0e+00    5e-05    1e-04       14     2285     2528     2299   131.7    0  
5   2000   1.00   0.9   -7.323e-01    0e+00    5e-05    8e-05       14     1702     1919     1716   107.9    0  
5   2000   2.00   0.1   -7.970e-01    0e+00    6e-05    9e-05       14     1814     2042     1828   109.1    0  
5   2000   2.00   0.3   -8.191e-01    0e+00    6e-05    1e-04       14     1770     2015     1784   103.5    0  
5   2000   2.00   0.7   -8.565e-01    0e+00    5e-05    9e-05       14     1397     1601     1411   93.6    0  
5   2000   2.00   0.9   -8.665e-01    0e+00    6e-05    1e-04       14     1316     1534     1330   81.1    0  
6     20   0.05   0.1   -6.335e-01    0e+00    2e-05    6e-05        6      291      451      297   0.4    0  
6     20   0.05   0.3   -5.232e-01    0e+00    3e-05    8e-05        6      347      522      353   0.5    0  
6     20   0.05   0.7   -6.380e-01    0e+00    4e-05    7e-05        6      336      503      342   0.5    0  
6     20   0.05   0.9   -7.512e-01    0e+00    5e-05    7e-05        6      315      461      321   0.4    0  
6     20   0.10   0.1   -4.979e-01    0e+00    3e-05    8e-05        6      359      557      365   0.5    0  
6     20   0.10   0.3   -6.066e-01    0e+00    3e-05    6e-05        6      373      536      379   0.6    0  
6     20   0.10   0.7   -6.858e-01    0e+00    4e-05    1e-04        6      321      478      327   0.5    0  
6     20   0.10   0.9   -6.880e-01    0e+00    3e-05    6e-05        6      333      521      339   0.5    0  
6     20   0.25   0.1   -6.072e-01    0e+00    5e-05    6e-05        6      338      498      344   0.5    0  
6     20   0.25   0.3   -5.598e-01    0e+00    3e-05    9e-05        6      321      484      327   0.5    0  
6     20   0.25   0.7   -4.423e-01    0e+00    4e-05    8e-05        6      330      549      336   0.6    0  
6     20   0.25   0.9   -8.626e-01    0e+00    4e-05    5e-05        6      233      368      239   0.4    0  
6     20   0.50   0.1   -5.576e-01    0e+00    3e-05    5e-05        6      321      482      327   0.5    0  
6     20   0.50   0.3   -5.891e-01    0e+00    4e-05    4e-05        6      299      459      305   0.5    0  
6     20   0.50   0.7   -8.204e-01    0e+00    3e-05    9e-05        6      230      349      236   0.4    0  
6     20   0.50   0.9   -7.537e-01    0e+00    3e-05    5e-05        6      297      452      303   0.5    0  
6     20   1.00   0.1   -4.477e-01    0e+00    3e-05    7e-05        6      410      600      416   0.6    0  
6     20   1.00   0.3   -4.365e-01    0e+00    3e-05    8e-05        6      418      579      424   0.6    0  
6     20   1.00   0.7   -9.981e-01    0e+00    4e-05    9e-05        6      217      345      223   0.3    0  
6     20   1.00   0.9   -8.076e-01    0e+00    3e-05    9e-05        6      202      344      208   0.3    0  
6     20   2.00   0.1   -7.266e-01    0e+00    4e-05    7e-05        6      312      503      318   0.5    0  
6     20   2.00   0.3   -7.437e-01    0e+00    4e-05    7e-05        6      262      419      268   0.4    0  
6     20   2.00   0.7   -8.768e-01    0e+00    4e-05    8e-05        6      155      253      161   0.2    0  
6     20   2.00   0.9   -8.568e-01    0e+00    3e-05    7e-05        6      128      212      134   0.2    0  
6     50   0.05   0.1   -5.092e-01    0e+00    4e-05    9e-05        6      524      699      530   1.2    0  
6     50   0.05   0.3   -5.007e-01    0e+00    4e-05    8e-05        6      875     1091      881   2.1    0  
6     50   0.05   0.7   -5.469e-01    0e+00    4e-05    8e-05        6      584      807      590   1.4    0  
6     50   0.05   0.9   -5.398e-01    0e+00    4e-05    7e-05        6      793      983      799   1.9    0  
6     50   0.10   0.1   -5.589e-01    0e+00    4e-05    1e-04        6      603      824      609   1.4    0  
6     50   0.10   0.3   -6.203e-01    0e+00    4e-05    1e-04        6      553      752      559   1.3    0  
6     50   0.10   0.7   -5.770e-01    0e+00    4e-05    6e-05        6      486      673      492   1.1    0  
6     50   0.10   0.9   -6.156e-01    0e+00    4e-05    9e-05        6      587      800      593   1.4    0  
6     50   0.25   0.1   -4.930e-01    0e+00    4e-05    8e-05        6      647      896      653   1.6    0  
6     50   0.25   0.3   -6.210e-01    0e+00    4e-05    8e-05        6      490      676      496   1.1    0  
6     50   0.25   0.7   -5.725e-01    0e+00    4e-05    8e-05        6      623      815      629   1.3    0  
6     50   0.25   0.9   -5.835e-01    0e+00    3e-05    9e-05        6      585      777      591   1.4    0  
6     50   0.50   0.1   -5.962e-01    0e+00    4e-05    1e-04        6      721      958      727   1.7    0  
6     50   0.50   0.3   -6.704e-01    0e+00    3e-05    9e-05        6      448      612      454   1.0    0  
6     50   0.50   0.7   -6.175e-01    0e+00    3e-05    9e-05        6      395      563      401   1.0    0  
6     50   0.50   0.9   -7.237e-01    0e+00    3e-05    1e-04        6      284      440      290   0.7    0  
6     50   1.00   0.1   -6.799e-01    0e+00    3e-05    8e-05        6      404      580      410   1.0    0  
6     50   1.00   0.3   -6.527e-01    0e+00    4e-05    8e-05        6      520      733      526   1.3    0  
6     50   1.00   0.7   -6.691e-01    0e+00    4e-05    9e-05        6      575      779      581   1.4    0  
6     50   1.00   0.9   -7.112e-01    0e+00    4e-05    1e-04        6      229      345      235   0.6    0  
6     50   2.00   0.1   -7.572e-01    0e+00    4e-05    9e-05        6      453      621      459   1.1    0  
6     50   2.00   0.3   -8.037e-01    0e+00    3e-05    9e-05        6      366      533      372   0.8    0  
6     50   2.00   0.7   -8.584e-01    0e+00    3e-05    6e-05        6      248      370      254   0.6    0  
6     50   2.00   0.9   -8.670e-01    0e+00    4e-05    9e-05        6      231      366      237   0.6    0  
6    200   0.05   0.1   -5.034e-01    0e+00    5e-05    9e-05        6     2032     2258     2038   13.1    0  
6    200   0.05   0.3   -5.266e-01    0e+00    4e-05    1e-04        6     2072     2304     2078   12.5    0  
6    200   0.05   0.7   -5.911e-01    0e+00    5e-05    1e-04        6     1741     1973     1747   11.3    0  
6    200   0.05   0.9   -5.457e-01    0e+00    5e-05    1e-04        6     1208     1424     1214   7.2    0  
6    200   0.10   0.1   -5.088e-01    0e+00    4e-05    2e-03        6     2408     2666     2414   14.5    4  
6    200   0.10   0.3   -5.359e-01    0e+00    4e-05    9e-05        6     1548     1775     1554   9.2    0  
6    200   0.10   0.7   -5.261e-01    0e+00    5e-05    9e-05        6     1389     1632     1395   9.0    0  
6    200   0.10   0.9   -5.644e-01    0e+00    4e-05    1e-04        6     1555     1751     1561   9.2    0  
6    200   0.25   0.1   -4.882e-01    0e+00    5e-05    7e-05        6     2263     2503     2269   14.3    0  
6    200   0.25   0.3   -5.232e-01    0e+00    6e-05    1e-04        6     1665     1891     1671   10.6    0  
6    200   0.25   0.7   -5.583e-01    0e+00    5e-05    9e-05        6     1711     1982     1717   10.5    0  
6    200   0.25   0.9   -6.026e-01    0e+00    6e-05    1e-04        6     1729     1973     1735   11.2    0  
6    200   0.50   0.1   -5.712e-01    0e+00    5e-05    9e-05        6     1353     1613     1359   8.2    0  
6    200   0.50   0.3   -6.141e-01    0e+00    5e-05    9e-05        6     1190     1382     1196   7.5    0  
6    200   0.50   0.7   -6.348e-01    0e+00    5e-05    9e-05        6     1337     1546     1343   8.5    0  
6    200   0.50   0.9   -5.889e-01    0e+00    4e-05    9e-05        6     1218     1456     1224   8.1    0  
6    200   1.00   0.1   -6.971e-01    0e+00    4e-05    9e-05        6      833     1024      839   5.5    0  
6    200   1.00   0.3   -6.169e-01    0e+00    4e-05    8e-05        6     1003     1182     1009   6.7    0  
6    200   1.00   0.7   -7.173e-01    0e+00    4e-05    8e-05        6      713      902      719   4.4    0  
6    200   1.00   0.9   -7.727e-01    0e+00    5e-05    7e-05        6      623      832      629   4.0    0  
6    200   2.00   0.1   -7.241e-01    0e+00    5e-05    9e-05        6      873     1064      879   5.9    0  
6    200   2.00   0.3   -8.298e-01    0e+00    5e-05    9e-05        6      617      806      623   4.2    0  
6    200   2.00   0.7   -8.563e-01    0e+00    4e-05    9e-05        6      479      652      485   3.3    0  
6    200   2.00   0.9   -8.765e-01    0e+00    6e-05    6e-05        6      310      458      316   2.2    0  
6    500   0.05   0.1   -5.237e-01    0e+00    5e-06    5e-04        7     3216     3504     3223   43.0    4  
6    500   0.05   0.3   -5.161e-01    0e+00    5e-06    2e-04        7     3199     3528     3206   42.9    4  
6    500   0.05   0.7   -5.329e-01    0e+00    6e-06    4e-03        7     3223     3540     3230   43.4    4  
6    500   0.05   0.9   -5.394e-01    0e+00    6e-06    6e-04        7     3221     3541     3228   42.8    4  
6    500   0.10   0.1   -5.336e-01    0e+00    5e-06    1e-03        7     3102     3397     3109   43.5    4  
6    500   0.10   0.3   -5.101e-01    0e+00    6e-05    5e-03        6     2595     2817     2601   33.4    4  
6    500   0.10   0.7   -5.287e-01    0e+00    6e-06    3e-04        7     3062     3372     3069   41.1    4  
6    500   0.10   0.9   -5.479e-01    0e+00    6e-06    4e-04        7     2992     3337     2999   38.2    4  
6    500   0.25   0.1   -5.248e-01    0e+00    6e-06    3e-03        7     3132     3437     3139   43.2    4  
6    500   0.25   0.3   -5.650e-01    0e+00    5e-05    1e-04        6     1782     1988     1788   22.6    0  
6    500   0.25   0.7   -5.720e-01    0e+00    6e-06    3e-04        7     2932     3308     2939   39.5    4  
6    500   0.25   0.9   -6.018e-01    0e+00    6e-05    9e-05        6     1563     1766     1569   20.1    0  
6    500   0.50   0.1   -5.515e-01    0e+00    6e-05    9e-05        6     1721     1935     1727   23.6    0  
6    500   0.50   0.3   -5.851e-01    0e+00    6e-06    2e-04        7     2947     3298     2954   39.9    4  
6    500   0.50   0.7   -6.398e-01    0e+00    6e-05    1e-04        6     1548     1758     1554   20.4    0  
6    500   0.50   0.9   -6.391e-01    0e+00    6e-05    1e-04        6     1456     1706     1462   20.7    0  
6    500   1.00   0.1   -6.399e-01    0e+00    5e-05    1e-04        6     1183     1353     1189   16.4    0  
6    500   1.00   0.3   -6.888e-01    0e+00    6e-05    8e-05        6     1179     1351     1185   16.0    0  
6    500   1.00   0.7   -7.336e-01    0e+00    6e-05    8e-05        6     1150     1346     1156   16.8    0  
6    500   1.00   0.9   -7.332e-01    0e+00    5e-05    1e-04        6      878     1062      884   12.5    0  
6    500   2.00   0.1   -8.038e-01    0e+00    5e-05    8e-05        6      931     1089      937   12.6    0  
6    500   2.00   0.3   -8.438e-01    0e+00    6e-05    8e-05        6      908     1079      914   13.0    0  
6    500   2.00   0.7   -8.531e-01    0e+00    5e-05    1e-04        6      785      969      791   11.1    0  
6    500   2.00   0.9   -8.992e-01    0e+00    5e-05    8e-05        6      412      570      418   6.1    0  
6   1000   0.05   0.1   -5.118e-01    0e+00    7e-06    1e-03        7     3182     3477     3189   90.4    4  
6   1000   0.05   0.3   -5.118e-01    0e+00    6e-05    1e-03        6     2474     2651     2480   64.9    4  
6   1000   0.05   0.7   -5.313e-01    0e+00    6e-05    4e-03        6     2502     2709     2508   68.6    4  
6   1000   0.05   0.9   -5.381e-01    0e+00    6e-06    8e-04        7     3096     3387     3103   86.0    4  
6   1000   0.10   0.1   -5.090e-01    0e+00    6e-06    4e-04        7     3353     3682     3360   92.5    4  
6   1000   0.10   0.3   -5.097e-01    0e+00    6e-05    9e-04        6     2456     2654     2462   67.5    4  
6   1000   0.10   0.7   -5.527e-01    0e+00    7e-06    1e-03        7     3125     3420     3132   87.1    4  
6   1000   0.10   0.9   -5.600e-01    0e+00    7e-06    7e-04        7     3063     3393     3070   84.1    4  
6   1000   0.25   0.1   -5.032e-01    0e+00    7e-06    9e-04        7     3390     3731     3397   94.3    4  
6   1000   0.25   0.3   -5.539e-01    0e+00    6e-05    9e-05        6     1835     2033     1841   52.0    0  
6   1000   0.25   0.7   -5.722e-01    0e+00    6e-06    7e-04        7     2951     3292     2958   81.9    4  
6   1000   0.25   0.9   -6.037e-01    0e+00    5e-05    9e-05        6     1854     2066     1860   49.7    0  
6   1000   0.50   0.1   -5.422e-01    0e+00    6e-06    1e-03        7     3107     3388     3114   88.7    4  
6   1000   0.50   0.3   -5.628e-01    0e+00    6e-06    2e-03        7     2946     3280     2953   83.1    4  
6   1000   0.50   0.7   -6.210e-01    0e+00    6e-05    9e-05        6     1702     1895     1708   48.2    0  
6   1000   0.50   0.9   -6.387e-01    0e+00    6e-05    9e-05        6     1509     1708     1515   40.1    0  
6   1000   1.00   0.1   -6.337e-01    0e+00    6e-05    9e-05        6     1303     1464     1309   37.1    0  
6   1000   1.00   0.3   -6.599e-01    0e+00    5e-05    8e-05        6     1076     1240     1082   30.7    0  
6   1000   1.00   0.7   -6.783e-01    0e+00    6e-05    1e-04        6     1285     1469     1291   37.3    0  
6   1000   1.00   0.9   -7.327e-01    0e+00    6e-05    9e-05        6      997     1164     1003   27.0    0  
6   1000   2.00   0.1   -8.215e-01    0e+00    6e-05    1e-04        6      851      982      857   23.0    0  
6   1000   2.00   0.3   -8.398e-01    0e+00    5e-05    1e-04        6      806      936      812   21.7    0  
6   1000   2.00   0.7   -8.540e-01    0e+00    5e-05    1e-04        6      723      902      729   22.5    0  
6   1000   2.00   0.9   -8.710e-01    0e+00    6e-05    9e-05        6      713      921      719   22.3    0  
6   2000   0.05   0.1   -5.005e-01    0e+00    6e-05    4e-03        6     2413     2595     2419   152.3    4  
6   2000   0.05   0.3   -5.063e-01    0e+00    6e-05    6e-04        6     2380     2563     2386   139.9    4  
6   2000   0.05   0.7   -5.293e-01    0e+00    6e-06    2e-03        7     3330     3598     3337   200.5    4  
6   2000   0.05   0.9   -5.276e-01    0e+00    7e-06    2e-03        7     3250     3544     3257   194.5    4  
6   2000   0.10   0.1   -5.002e-01    0e+00    6e-05    2e-03        6     2374     2550     2380   141.6    4  
6   2000   0.10   0.3   -5.309e-01    0e+00    7e-06    1e-03        7     3145     3412     3152   192.5    4  
6   2000   0.10   0.7   -5.422e-01    0e+00    7e-06    4e-03        7     3249     3518     3256   204.3    4  
6   2000   0.10   0.9   -5.412e-01    0e+00    6e-05    4e-03        6     2344     2528     2350   141.2    4  
6   2000   0.25   0.1   -5.172e-01    0e+00    6e-06    4e-03        7     3096     3375     3103   195.1    4  
6   2000   0.25   0.3   -5.380e-01    0e+00    6e-05    2e-03        6     2316     2478     2322   147.1    4  
6   2000   0.25   0.7   -5.835e-01    0e+00    7e-06    7e-04        7     2783     3082     2790   177.7    4  
6   2000   0.25   0.9   -5.892e-01    0e+00    7e-06    1e-03        7     3061     3335     3068   191.2    4  
6   2000   0.50   0.1   -5.368e-01    0e+00    7e-06    9e-04        7     2876     3126     2883   177.8    4  
6   2000   0.50   0.3   -5.683e-01    0e+00    6e-06    2e-03        7     2857     3094     2864   175.2    4  
6   2000   0.50   0.7   -6.196e-01    0e+00    6e-06    6e-04        7     2710     2969     2717   166.4    4  
6   2000   0.50   0.9   -6.477e-01    0e+00    7e-06    7e-04        7     2624     2881     2631   165.9    4  
6   2000   1.00   0.1   -6.229e-01    0e+00    6e-05    1e-04        6     1264     1424     1270   76.6    0  
6   2000   1.00   0.3   -6.601e-01    0e+00    6e-05    9e-05        6     1217     1336     1223   77.3    0  
6   2000   1.00   0.7   -6.933e-01    0e+00    6e-05    1e-04        6     1202     1359     1208   77.7    0  
6   2000   1.00   0.9   -7.322e-01    0e+00    6e-05    9e-05        6     1000     1155     1006   66.7    0  
6   2000   2.00   0.1   -7.967e-01    0e+00    6e-05    9e-05        6      859      978      865   53.2    0  
6   2000   2.00   0.3   -8.188e-01    0e+00    6e-05    1e-04        6      879     1008      885   62.4    0  
6   2000   2.00   0.7   -8.564e-01    0e+00    6e-05    1e-04        6      741      880      747   46.5    0  
6   2000   2.00   0.9   -8.665e-01    0e+00    6e-05    1e-04        6      757      906      763   56.9    0  
