1     20   0.05   0.1   -6.335e-01    0e+00    5e-05    7e-05       11      326      438      337   0.9    0  
1     20   0.05   0.3   -5.232e-01    0e+00    4e-05    9e-05       12      399      523      411   0.6    0  
1     20   0.05   0.7   -6.380e-01    0e+00    5e-05    9e-05       12      368      497      380   0.6    0  
1     20   0.05   0.9   -7.513e-01    0e+00    4e-05    1e-04       13      427      577      440   0.6    0  
1     20   0.10   0.1   -4.979e-01    0e+00    3e-05    9e-05       12      420      564      432   0.6    0  
1     20   0.10   0.3   -5.759e-01    0e+00    4e-05    9e-05       12      369      496      381   0.6    0  
1     20   0.10   0.7   -6.858e-01    0e+00    9e-05    9e-05       12      359      493      371   0.6    0  
1     20   0.10   0.9   -6.880e-01    0e+00    4e-05    8e-05       12      371      507      383   0.5    0  
1     20   0.25   0.1   -6.072e-01    0e+00    4e-05    7e-05       14      533      719      547   0.8    0  
1     20   0.25   0.3   -5.597e-01    0e+00    1e-04    9e-05       11      347      460      358   0.5    0  
1     20   0.25   0.7   -4.423e-01    0e+00    4e-05    4e-05       13      435      622      448   0.7    0  
1     20   0.25   0.9   -8.626e-01    0e+00    9e-05    7e-05       12      309      429      321   0.4    0  
1     20   0.50   0.1   -5.576e-01    0e+00    5e-05    7e-05       12      425      560      437   0.6    0  
1     20   0.50   0.3   -5.891e-01    0e+00    4e-05    4e-05       13      430      573      443   0.6    0  
1     20   0.50   0.7   -8.204e-01    0e+00    3e-05    7e-05       12      289      405      301   0.4    0  
1     20   0.50   0.9   -7.537e-01    0e+00    4e-05    1e-04       12      336      459      348   0.5    0  
1     20   1.00   0.1   -4.477e-01    0e+00    5e-05    8e-05       12      477      623      489   0.7    0  
1     20   1.00   0.3   -4.365e-01    0e+00    3e-05    8e-05       12      480      623      492   0.7    0  
1     20   1.00   0.7   -9.981e-01    0e+00    6e-05    4e-05       12      296      416      308   0.5    0  
1     20   1.00   0.9   -8.076e-01    0e+00    9e-05    8e-05       11      290      405      301   0.4    0  
1     20   2.00   0.1   -7.266e-01    0e+00    7e-05    3e-05       12      407      542      419   0.6    0  
1     20   2.00   0.3   -7.437e-01    0e+00    6e-05    8e-05       13      381      551      394   0.6    0  
1     20   2.00   0.7   -8.768e-01    0e+00    6e-05    1e-04       12      240      361      252   0.4    0  
1     20   2.00   0.9   -8.568e-01    0e+00    6e-05    7e-05       11      167      257      178   0.2    0  
1     50   0.05   0.1   -5.092e-01    0e+00    9e-05    1e-04       12      571      702      583   1.7    0  
1     50   0.05   0.3   -5.007e-01    0e+00    5e-05    8e-05       12      955     1108      967   2.5    0  
1     50   0.05   0.7   -5.469e-01    0e+00    7e-05    7e-05       12      873     1020      885   2.3    0  
1     50   0.05   0.9   -5.398e-01    0e+00    7e-05    1e-04       12     1039     1204     1051   2.7    0  
1     50   0.10   0.1   -5.590e-01    0e+00    7e-05    5e-05       12      669      806      681   1.9    0  
1     50   0.10   0.3   -6.203e-01    0e+00    9e-05    7e-05       12      741      878      753   1.9    0  
1     50   0.10   0.7   -5.770e-01    0e+00    7e-05    7e-05       12      596      732      608   1.5    0  
1     50   0.10   0.9   -6.156e-01    0e+00    6e-05    7e-05       12      692      870      704   1.8    0  
1     50   0.25   0.1   -4.930e-01    0e+00    7e-05    9e-05       12      769      929      781   2.0    0  
1     50   0.25   0.3   -6.210e-01    0e+00    8e-05    9e-05       12      579      710      591   1.5    0  
1     50   0.25   0.7   -5.725e-01    0e+00    6e-05    9e-05       12      723      881      735   1.6    0  
1     50   0.25   0.9   -5.807e-01    0e+00    4e-05    7e-05       12      878     1041      890   1.9    0  
1     50   0.50   0.1   -5.963e-01    0e+00    4e-05    7e-05       13     1030     1203     1043   2.2    0  
1     50   0.50   0.3   -6.704e-01    0e+00    5e-05    6e-05       12      521      647      533   1.2    0  
1     50   0.50   0.7   -6.175e-01    0e+00    4e-05    8e-05       12      471      604      483   1.1    0  
1     50   0.50   0.9   -7.237e-01    0e+00    3e-05    9e-05       12      316      431      328   0.7    0  
1     50   1.00   0.1   -6.799e-01    0e+00    4e-05    5e-05       12      460      576      472   1.0    0  
1     50   1.00   0.3   -6.527e-01    0e+00    8e-05    9e-05       12      618      760      630   1.4    0  
1     50   1.00   0.7   -6.692e-01    0e+00    7e-05    7e-05       12      670      830      682   1.5    0  
1     50   1.00   0.9   -7.112e-01    0e+00    6e-05    8e-05       12      310      457      322   0.8    0  
1     50   2.00   0.1   -7.572e-01    0e+00    4e-05    9e-05       13      601      748      614   1.4    0  
1     50   2.00   0.3   -8.037e-01    0e+00    9e-05    7e-05       11      363      479      374   0.9    0  
1     50   2.00   0.7   -8.584e-01    0e+00    7e-05    1e-04       11      286      393      297   0.7    0  
1     50   2.00   0.9   -8.671e-01    0e+00    4e-05    1e-04       13      356      507      369   0.8    0  
1    200   0.05   0.1   -5.035e-01    0e+00    6e-05    7e-05       13     3253     3480     3266   21.7    0  
1    200   0.05   0.3   -5.266e-01    0e+00    4e-05    1e-04       13     2735     2977     2748   17.7    0  
1    200   0.05   0.7   -5.912e-01    0e+00    6e-05    9e-05       14     2994     3320     3008   19.5    0  
1    200   0.05   0.9   -5.458e-01    0e+00    9e-05    1e-04       13     1781     1974     1794   10.9    0  
1    200   0.10   0.1   -5.089e-01    0e+00    4e-05    1e-04       13     4168     4425     4181   26.5    0  
1    200   0.10   0.3   -5.360e-01    0e+00    4e-05    7e-05       13     2076     2308     2089   12.6    0  
1    200   0.10   0.7   -5.262e-01    0e+00    6e-05    1e-04       14     2619     2877     2633   17.4    0  
1    200   0.10   0.9   -5.645e-01    0e+00    4e-05    8e-05       13     1742     1935     1755   11.2    0  
1    200   0.25   0.1   -4.883e-01    0e+00    7e-05    8e-05       13     3510     3741     3523   23.3    0  
1    200   0.25   0.3   -5.233e-01    0e+00    6e-05    9e-05       14     3371     3613     3385   21.4    0  
1    200   0.25   0.7   -5.584e-01    0e+00    1e-04    9e-05       13     2882     3175     2895   18.6    0  
1    200   0.25   0.9   -6.027e-01    0e+00    5e-05    1e-04       14     3426     3772     3440   21.6    0  
1    200   0.50   0.1   -5.712e-01    0e+00    7e-05    1e-04       13     2392     2628     2405   15.1    0  
1    200   0.50   0.3   -6.141e-01    0e+00    6e-05    9e-05       13     2078     2289     2091   13.9    0  
1    200   0.50   0.7   -6.349e-01    0e+00    1e-04    9e-05       13     2170     2441     2183   13.6    0  
1    200   0.50   0.9   -5.889e-01    0e+00    4e-05    1e-04       13     1913     2160     1926   13.0    0  
1    200   1.00   0.1   -6.972e-01    0e+00    5e-05    1e-04       13     1317     1502     1330   9.0    0  
1    200   1.00   0.3   -6.169e-01    0e+00    4e-05    9e-05       13     1483     1677     1496   10.4    0  
1    200   1.00   0.7   -7.174e-01    0e+00    4e-05    1e-04       13     1277     1462     1290   8.9    0  
1    200   1.00   0.9   -7.727e-01    0e+00    1e-04    9e-05       13      818     1012      831   6.3    0  
1    200   2.00   0.1   -7.242e-01    0e+00    1e-04    9e-05       13     1537     1717     1550   11.2    0  
1    200   2.00   0.3   -8.299e-01    0e+00    7e-05    1e-04       13     1063     1230     1076   6.9    0  
1    200   2.00   0.7   -8.563e-01    0e+00    4e-05    7e-05       13      727      893      740   5.6    0  
1    200   2.00   0.9   -8.765e-01    0e+00    6e-05    9e-05       14      426      616      440   3.6    0  
1    500   0.05   0.1   -5.237e-01    0e+00    1e-04    3e-04       13     3771     4034     3784   55.1    4  
1    500   0.05   0.3   -5.161e-01    0e+00    8e-05    1e-04       13     3386     3601     3399   46.1    0  
1    500   0.05   0.7   -5.329e-01    0e+00    3e-05    1e-04       14     4302     4594     4316   58.0    0  
1    500   0.05   0.9   -5.394e-01    0e+00    1e-04    3e-04       13     3687     3937     3700   53.4    4  
1    500   0.10   0.1   -5.336e-01    0e+00    4e-05    5e-04       14     4455     4735     4469   60.0    4  
1    500   0.10   0.3   -5.102e-01    0e+00    1e-04    3e-04       13     4205     4455     4218   60.7    4  
1    500   0.10   0.7   -5.287e-01    0e+00    5e-05    8e-04       14     4581     4891     4595   61.4    4  
1    500   0.10   0.9   -5.479e-01    0e+00    6e-05    8e-05       14     3873     4122     3887   53.1    0  
1    500   0.25   0.1   -5.248e-01    0e+00    3e-05    3e-04       14     4438     4699     4452   62.4    4  
1    500   0.25   0.3   -5.652e-01    0e+00    9e-05    1e-04       13     2865     3100     2878   38.7    0  
1    500   0.25   0.7   -5.720e-01    0e+00    1e-05    7e-04       15     4988     5416     5003   71.5    4  
1    500   0.25   0.9   -6.019e-01    0e+00    4e-05    8e-05       14     3226     3522     3240   45.9    0  
1    500   0.50   0.1   -5.517e-01    0e+00    5e-05    9e-05       14     3712     4007     3726   50.9    0  
1    500   0.50   0.3   -5.851e-01    0e+00    4e-05    9e-05       14     4162     4547     4176   57.4    0  
1    500   0.50   0.7   -6.399e-01    0e+00    4e-05    1e-04       14     2867     3124     2881   40.7    0  
1    500   0.50   0.9   -6.391e-01    0e+00    5e-05    8e-05       14     2582     2857     2596   34.9    0  
1    500   1.00   0.1   -6.400e-01    0e+00    6e-05    1e-04       14     2594     2827     2608   36.0    0  
1    500   1.00   0.3   -6.889e-01    0e+00    6e-05    8e-05       14     2544     2796     2558   34.8    0  
1    500   1.00   0.7   -7.337e-01    0e+00    5e-05    9e-05       14     2178     2415     2192   32.7    0  
1    500   1.00   0.9   -7.333e-01    0e+00    9e-05    9e-05       13     1212     1397     1225   16.2    0  
1    500   2.00   0.1   -8.039e-01    0e+00    1e-04    1e-04       13     1350     1537     1363   19.8    0  
1    500   2.00   0.3   -8.439e-01    0e+00    5e-05    7e-05       14     1678     1900     1692   25.1    0  
1    500   2.00   0.7   -8.531e-01    0e+00    7e-05    1e-04       13     1099     1282     1112   17.2    0  
1    500   2.00   0.9   -8.992e-01    0e+00    9e-05    9e-05       13      532      708      545   8.8    0  
1   1000   0.05   0.1   -5.118e-01    0e+00    6e-05    3e-04       14     4529     4857     4543   138.6    4  
1   1000   0.05   0.3   -5.120e-01    0e+00    1e-04    6e-04       13     4036     4314     4049   115.7    4  
1   1000   0.05   0.7   -5.314e-01    0e+00    1e-04    6e-04       13     4224     4473     4237   121.5    4  
1   1000   0.05   0.9   -5.381e-01    0e+00    5e-05    4e-04       14     4464     4758     4478   128.9    4  
1   1000   0.10   0.1   -5.090e-01    0e+00    6e-05    2e-04       14     4876     5213     4890   143.8    4  
1   1000   0.10   0.3   -5.099e-01    0e+00    1e-04    7e-04       13     3848     4101     3861   110.2    4  
1   1000   0.10   0.7   -5.527e-01    0e+00    6e-05    3e-04       14     4166     4454     4180   117.4    4  
1   1000   0.10   0.9   -5.600e-01    0e+00    2e-05    4e-04       15     5177     5524     5192   152.8    4  
1   1000   0.25   0.1   -5.031e-01    0e+00    1e-04    4e-04       13     3809     4093     3822   114.8    4  
1   1000   0.25   0.3   -5.541e-01    0e+00    1e-05    9e-05       15     4446     4764     4461   124.2    0  
1   1000   0.25   0.7   -5.722e-01    0e+00    4e-05    2e-04       14     4065     4345     4079   122.8    4  
1   1000   0.25   0.9   -6.038e-01    0e+00    4e-05    1e-04       14     3443     3700     3457   95.8    0  
1   1000   0.50   0.1   -5.422e-01    0e+00    1e-04    2e-04       13     3597     3838     3610   103.0    4  
1   1000   0.50   0.3   -5.629e-01    0e+00    3e-05    3e-04       15     4928     5281     4943   146.1    4  
1   1000   0.50   0.7   -6.211e-01    0e+00    2e-05    1e-04       15     4351     4640     4366   121.5    0  
1   1000   0.50   0.9   -6.388e-01    0e+00    4e-05    9e-05       14     2865     3137     2879   78.5    0  
1   1000   1.00   0.1   -6.339e-01    0e+00    6e-05    1e-04       14     2713     2995     2727   82.1    0  
1   1000   1.00   0.3   -6.600e-01    0e+00    9e-05    8e-05       13     1519     1691     1532   41.7    0  
1   1000   1.00   0.7   -6.784e-01    0e+00    5e-05    1e-04       14     2440     2674     2454   69.7    0  
1   1000   1.00   0.9   -7.327e-01    0e+00    6e-05    9e-05       14     1761     1986     1775   53.5    0  
1   1000   2.00   0.1   -8.218e-01    0e+00    5e-05    1e-04       14     1779     2009     1793   51.9    0  
1   1000   2.00   0.3   -8.400e-01    0e+00    3e-05    8e-05       14     1664     1865     1678   48.5    0  
1   1000   2.00   0.7   -8.540e-01    0e+00    7e-05    9e-05       13     1017     1199     1030   29.3    0  
1   1000   2.00   0.9   -8.710e-01    0e+00    6e-05    8e-05       14     1243     1491     1257   44.3    0  
1   2000   0.05   0.1   -5.007e-01    0e+00    1e-04    2e-03       13     4087     4403     4100   262.8    4  
1   2000   0.05   0.3   -5.065e-01    0e+00    1e-04    6e-04       13     4157     4440     4170   258.3    4  
1   2000   0.05   0.7   -5.292e-01    0e+00    1e-04    4e-04       13     3760     4034     3773   235.6    4  
1   2000   0.05   0.9   -5.274e-01    0e+00    1e-04    8e-04       13     3617     3878     3630   216.8    4  
1   2000   0.10   0.1   -5.004e-01    0e+00    1e-04    5e-04       13     4270     4548     4283   259.6    4  
1   2000   0.10   0.3   -5.309e-01    0e+00    6e-05    3e-04       14     4491     4829     4505   273.0    4  
1   2000   0.10   0.7   -5.421e-01    0e+00    1e-04    5e-04       13     3642     3939     3655   231.9    4  
1   2000   0.10   0.9   -5.414e-01    0e+00    1e-04    5e-04       13     3701     3956     3714   221.5    4  
1   2000   0.25   0.1   -5.171e-01    0e+00    1e-04    4e-04       13     3492     3733     3505   210.9    4  
1   2000   0.25   0.3   -5.379e-01    0e+00    3e-04    2e-04       12     3120     3381     3132   191.9    4  
1   2000   0.25   0.7   -5.835e-01    0e+00    2e-05    4e-04       15     4666     4980     4681   289.6    4  
1   2000   0.25   0.9   -5.891e-01    0e+00    5e-05    4e-04       14     4221     4497     4235   261.0    4  
1   2000   0.50   0.1   -5.368e-01    0e+00    6e-05    4e-04       14     3935     4243     3949   239.7    4  
1   2000   0.50   0.3   -5.683e-01    0e+00    5e-05    3e-04       14     3911     4171     3925   238.0    4  
1   2000   0.50   0.7   -6.197e-01    0e+00    3e-05    3e-04       15     4348     4661     4363   264.0    4  
1   2000   0.50   0.9   -6.477e-01    0e+00    6e-05    9e-05       14     3080     3342     3094   183.4    0  
1   2000   1.00   0.1   -6.232e-01    0e+00    6e-05    8e-05       14     2604     2902     2618   166.1    0  
1   2000   1.00   0.3   -6.604e-01    0e+00    6e-05    1e-04       14     2499     2793     2513   159.2    0  
1   2000   1.00   0.7   -6.934e-01    0e+00    5e-05    1e-04       14     2285     2528     2299   141.3    0  
1   2000   1.00   0.9   -7.323e-01    0e+00    5e-05    8e-05       14     1702     1919     1716   103.7    0  
1   2000   2.00   0.1   -7.970e-01    0e+00    6e-05    9e-05       14     1814     2042     1828   114.9    0  
1   2000   2.00   0.3   -8.191e-01    0e+00    6e-05    1e-04       14     1770     2015     1784   117.3    0  
1   2000   2.00   0.7   -8.565e-01    0e+00    5e-05    9e-05       14     1397     1601     1411   84.3    0  
1   2000   2.00   0.9   -8.665e-01    0e+00    6e-05    1e-04       14     1316     1534     1330   85.0    0  
2     20   0.05   0.1   -6.335e-01    0e+00    2e-05    6e-05        6      291      451      297   0.4    0  
2     20   0.05   0.3   -5.232e-01    0e+00    3e-05    8e-05        6      347      522      353   0.5    0  
2     20   0.05   0.7   -6.380e-01    0e+00    4e-05    7e-05        6      336      503      342   0.5    0  
2     20   0.05   0.9   -7.512e-01    0e+00    5e-05    7e-05        6      315      461      321   0.5    0  
2     20   0.10   0.1   -4.979e-01    0e+00    3e-05    8e-05        6      359      557      365   0.6    0  
2     20   0.10   0.3   -6.066e-01    0e+00    3e-05    6e-05        6      373      536      379   0.5    0  
2     20   0.10   0.7   -6.858e-01    0e+00    4e-05    1e-04        6      321      478      327   0.5    0  
2     20   0.10   0.9   -6.880e-01    0e+00    3e-05    6e-05        6      322      497      328   0.5    0  
2     20   0.25   0.1   -6.072e-01    0e+00    5e-05    6e-05        6      338      498      344   0.5    0  
2     20   0.25   0.3   -5.598e-01    0e+00    3e-05    9e-05        6      321      484      327   0.5    0  
2     20   0.25   0.7   -4.423e-01    0e+00    4e-05    8e-05        6      330      549      336   0.5    0  
2     20   0.25   0.9   -8.626e-01    0e+00    4e-05    5e-05        6      233      368      239   0.4    0  
2     20   0.50   0.1   -5.576e-01    0e+00    3e-05    5e-05        6      321      482      327   0.5    0  
2     20   0.50   0.3   -5.891e-01    0e+00    4e-05    4e-05        6      299      459      305   0.5    0  
2     20   0.50   0.7   -8.204e-01    0e+00    3e-05    9e-05        6      230      349      236   0.3    0  
2     20   0.50   0.9   -7.537e-01    0e+00    3e-05    5e-05        6      297      452      303   0.5    0  
2     20   1.00   0.1   -4.477e-01    0e+00    3e-05    7e-05        6      410      600      416   0.6    0  
2     20   1.00   0.3   -4.365e-01    0e+00    3e-05    8e-05        6      418      579      424   0.6    0  
2     20   1.00   0.7   -9.981e-01    0e+00    4e-05    9e-05        6      217      345      223   0.3    0  
2     20   1.00   0.9   -8.076e-01    0e+00    3e-05    9e-05        6      202      344      208   0.3    0  
2     20   2.00   0.1   -7.266e-01    0e+00    4e-05    7e-05        6      312      503      318   0.5    0  
2     20   2.00   0.3   -7.437e-01    0e+00    4e-05    7e-05        6      262      419      268   0.4    0  
2     20   2.00   0.7   -8.768e-01    0e+00    4e-05    8e-05        6      155      253      161   0.3    0  
2     20   2.00   0.9   -8.568e-01    0e+00    3e-05    7e-05        6      128      212      134   0.2    0  
2     50   0.05   0.1   -5.092e-01    0e+00    4e-05    6e-05        6      509      699      515   1.3    0  
2     50   0.05   0.3   -5.007e-01    0e+00    4e-05    8e-05        6      875     1091      881   2.0    0  
2     50   0.05   0.7   -5.469e-01    0e+00    4e-05    8e-05        6      584      807      590   1.4    0  
2     50   0.05   0.9   -5.398e-01    0e+00    4e-05    7e-05        6      793      983      799   1.8    0  
2     50   0.10   0.1   -5.589e-01    0e+00    4e-05    1e-04        6      603      824      609   1.3    0  
2     50   0.10   0.3   -6.203e-01    0e+00    4e-05    1e-04        6      553      752      559   1.3    0  
2     50   0.10   0.7   -5.770e-01    0e+00    4e-05    6e-05        6      486      673      492   1.2    0  
2     50   0.10   0.9   -6.156e-01    0e+00    4e-05    9e-05        6      587      800      593   1.5    0  
2     50   0.25   0.1   -4.930e-01    0e+00    4e-05    8e-05        6      647      896      653   1.6    0  
2     50   0.25   0.3   -6.210e-01    0e+00    4e-05    8e-05        6      490      676      496   1.2    0  
2     50   0.25   0.7   -5.725e-01    0e+00    4e-05    8e-05        6      623      815      629   1.5    0  
2     50   0.25   0.9   -5.835e-01    0e+00    3e-05    9e-05        6      585      777      591   1.4    0  
2     50   0.50   0.1   -5.962e-01    0e+00    4e-05    1e-04        6      721      958      727   1.8    0  
2     50   0.50   0.3   -6.704e-01    0e+00    3e-05    9e-05        6      448      612      454   1.0    0  
2     50   0.50   0.7   -6.175e-01    0e+00    3e-05    9e-05        6      395      563      401   1.1    0  
2     50   0.50   0.9   -7.237e-01    0e+00    3e-05    1e-04        6      284      440      290   0.8    0  
2     50   1.00   0.1   -6.799e-01    0e+00    3e-05    8e-05        6      404      580      410   1.0    0  
2     50   1.00   0.3   -6.527e-01    0e+00    4e-05    8e-05        6      520      733      526   1.3    0  
2     50   1.00   0.7   -6.691e-01    0e+00    4e-05    9e-05        6      575      779      581   1.4    0  
2     50   1.00   0.9   -7.112e-01    0e+00    4e-05    1e-04        6      229      345      235   0.5    0  
2     50   2.00   0.1   -7.572e-01    0e+00    4e-05    9e-05        6      453      621      459   1.2    0  
2     50   2.00   0.3   -8.037e-01    0e+00    3e-05    9e-05        6      366      533      372   0.9    0  
2     50   2.00   0.7   -8.584e-01    0e+00    3e-05    6e-05        6      248      370      254   0.6    0  
2     50   2.00   0.9   -8.670e-01    0e+00    4e-05    9e-05        6      231      366      237   0.6    0  
2    200   0.05   0.1   -5.034e-01    0e+00    5e-05    9e-05        6     2058     2328     2064   13.6    0  
2    200   0.05   0.3   -5.266e-01    0e+00    4e-05    1e-04        6     2072     2304     2078   12.8    0  
2    200   0.05   0.7   -5.911e-01    0e+00    5e-05    1e-04        6     1741     1973     1747   11.0    0  
2    200   0.05   0.9   -5.457e-01    0e+00    5e-05    1e-04        6     1208     1424     1214   7.4    0  
2    200   0.10   0.1   -5.088e-01    0e+00    4e-05    2e-03        6     2408     2666     2414   15.2    4  
2    200   0.10   0.3   -5.359e-01    0e+00    4e-05    9e-05        6     1548     1775     1554   9.0    0  
2    200   0.10   0.7   -5.261e-01    0e+00    5e-05    9e-05        6     1389     1632     1395   8.8    0  
2    200   0.10   0.9   -5.644e-01    0e+00    4e-05    1e-04        6     1555     1751     1561   9.9    0  
2    200   0.25   0.1   -4.883e-01    0e+00    5e-06    9e-05        7     2872     3242     2879   18.1    0  
2    200   0.25   0.3   -5.232e-01    0e+00    6e-05    1e-04        6     1665     1891     1671   10.4    0  
2    200   0.25   0.7   -5.583e-01    0e+00    5e-05    9e-05        6     1711     1982     1717   10.8    0  
2    200   0.25   0.9   -6.026e-01    0e+00    6e-05    1e-04        6     1729     1973     1735   11.0    0  
2    200   0.50   0.1   -5.712e-01    0e+00    5e-05    9e-05        6     1353     1613     1359   8.5    0  
2    200   0.50   0.3   -6.141e-01    0e+00    5e-05    9e-05        6     1190     1382     1196   7.5    0  
2    200   0.50   0.7   -6.348e-01    0e+00    5e-05    9e-05        6     1337     1546     1343   8.6    0  
2    200   0.50   0.9   -5.889e-01    0e+00    4e-05    9e-05        6     1218     1456     1224   7.8    0  
2    200   1.00   0.1   -6.971e-01    0e+00    5e-05    9e-05        6      794      983      800   5.2    0  
2    200   1.00   0.3   -6.169e-01    0e+00    4e-05    8e-05        6     1003     1182     1009   6.6    0  
2    200   1.00   0.7   -7.173e-01    0e+00    4e-05    8e-05        6      713      902      719   4.7    0  
2    200   1.00   0.9   -7.727e-01    0e+00    5e-05    7e-05        6      623      832      629   4.4    0  
2    200   2.00   0.1   -7.241e-01    0e+00    5e-05    9e-05        6      873     1064      879   5.8    0  
2    200   2.00   0.3   -8.298e-01    0e+00    5e-05    9e-05        6      617      806      623   4.0    0  
2    200   2.00   0.7   -8.563e-01    0e+00    4e-05    9e-05        6      479      652      485   3.5    0  
2    200   2.00   0.9   -8.765e-01    0e+00    6e-05    6e-05        6      310      458      316   2.2    0  
2    500   0.05   0.1   -5.237e-01    0e+00    5e-06    5e-04        7     3216     3504     3223   44.9    4  
2    500   0.05   0.3   -5.161e-01    0e+00    5e-06    2e-04        7     3199     3528     3206   44.1    4  
2    500   0.05   0.7   -5.329e-01    0e+00    6e-06    4e-03        7     3223     3540     3230   44.5    4  
2    500   0.05   0.9   -5.394e-01    0e+00    6e-06    6e-04        7     3221     3541     3228   44.9    4  
2    500   0.10   0.1   -5.336e-01    0e+00    5e-06    1e-03        7     3102     3397     3109   43.6    4  
2    500   0.10   0.3   -5.101e-01    0e+00    6e-05    5e-03        6     2595     2817     2601   36.2    4  
2    500   0.10   0.7   -5.287e-01    0e+00    6e-06    3e-04        7     3062     3372     3069   41.3    4  
2    500   0.10   0.9   -5.479e-01    0e+00    6e-06    4e-04        7     2992     3337     2999   40.4    4  
2    500   0.25   0.1   -5.248e-01    0e+00    6e-06    3e-03        7     3132     3437     3139   42.3    4  
2    500   0.25   0.3   -5.650e-01    0e+00    5e-05    1e-04        6     1782     1988     1788   22.7    0  
2    500   0.25   0.7   -5.720e-01    0e+00    6e-06    3e-04        7     2932     3308     2939   42.0    4  
2    500   0.25   0.9   -6.018e-01    0e+00    6e-05    9e-05        6     1563     1766     1569   20.2    0  
2    500   0.50   0.1   -5.515e-01    0e+00    6e-05    9e-05        6     1721     1935     1727   25.2    0  
2    500   0.50   0.3   -5.851e-01    0e+00    6e-06    2e-04        7     2947     3298     2954   41.1    4  
2    500   0.50   0.7   -6.398e-01    0e+00    6e-05    1e-04        6     1548     1758     1554   19.8    0  
2    500   0.50   0.9   -6.391e-01    0e+00    6e-05    1e-04        6     1456     1706     1462   21.1    0  
2    500   1.00   0.1   -6.399e-01    0e+00    5e-05    1e-04        6     1183     1353     1189   16.3    0  
2    500   1.00   0.3   -6.888e-01    0e+00    6e-05    9e-05        6     1185     1392     1191   16.9    0  
2    500   1.00   0.7   -7.336e-01    0e+00    6e-05    8e-05        6     1150     1346     1156   16.8    0  
2    500   1.00   0.9   -7.332e-01    0e+00    5e-05    1e-04        6      878     1062      884   13.3    0  
2    500   2.00   0.1   -8.038e-01    0e+00    5e-05    8e-05        6      931     1089      937   13.8    0  
2    500   2.00   0.3   -8.438e-01    0e+00    6e-05    8e-05        6      908     1079      914   13.6    0  
2    500   2.00   0.7   -8.531e-01    0e+00    5e-05    1e-04        6      785      969      791   11.6    0  
2    500   2.00   0.9   -8.992e-01    0e+00    5e-05    8e-05        6      412      570      418   5.9    0  
2   1000   0.05   0.1   -5.118e-01    0e+00    7e-06    1e-03        7     3182     3477     3189   94.1    4  
2   1000   0.05   0.3   -5.118e-01    0e+00    6e-05    1e-03        6     2474     2651     2480   72.6    4  
2   1000   0.05   0.7   -5.313e-01    0e+00    6e-05    4e-03        6     2502     2709     2508   69.0    4  
2   1000   0.05   0.9   -5.381e-01    0e+00    6e-06    8e-04        7     3096     3387     3103   86.2    4  
2   1000   0.10   0.1   -5.090e-01    0e+00    6e-06    4e-04        7     3353     3682     3360   95.4    4  
2   1000   0.10   0.3   -5.097e-01    0e+00    6e-05    9e-04        6     2456     2654     2462   71.2    4  
2   1000   0.10   0.7   -5.527e-01    0e+00    7e-06    1e-03        7     3125     3420     3132   88.8    4  
2   1000   0.10   0.9   -5.600e-01    0e+00    7e-06    7e-04        7     3063     3393     3070   88.5    4  
2   1000   0.25   0.1   -5.032e-01    0e+00    7e-06    9e-04        7     3390     3731     3397   96.0    4  
2   1000   0.25   0.3   -5.539e-01    0e+00    6e-05    9e-05        6     1835     2033     1841   52.1    0  
2   1000   0.25   0.7   -5.722e-01    0e+00    6e-06    7e-04        7     2951     3292     2958   83.1    4  
2   1000   0.25   0.9   -6.037e-01    0e+00    5e-05    9e-05        6     1854     2066     1860   52.8    0  
2   1000   0.50   0.1   -5.422e-01    0e+00    6e-06    1e-03        7     3107     3388     3114   97.9    4  
2   1000   0.50   0.3   -5.628e-01    0e+00    6e-06    2e-03        7     2946     3280     2953   80.5    4  
2   1000   0.50   0.7   -6.210e-01    0e+00    6e-05    9e-05        6     1702     1895     1708   45.2    0  
2   1000   0.50   0.9   -6.387e-01    0e+00    6e-05    9e-05        6     1509     1708     1515   42.1    0  
2   1000   1.00   0.1   -6.337e-01    0e+00    6e-05    9e-05        6     1303     1464     1309   34.2    0  
2   1000   1.00   0.3   -6.599e-01    0e+00    5e-05    8e-05        6     1076     1240     1082   30.1    0  
2   1000   1.00   0.7   -6.783e-01    0e+00    6e-05    1e-04        6     1285     1469     1291   37.6    0  
2   1000   1.00   0.9   -7.327e-01    0e+00    6e-05    9e-05        6      997     1164     1003   29.1    0  
2   1000   2.00   0.1   -8.215e-01    0e+00    6e-05    1e-04        6      851      982      857   24.8    0  
2   1000   2.00   0.3   -8.398e-01    0e+00    5e-05    1e-04        6      806      936      812   23.6    0  
2   1000   2.00   0.7   -8.540e-01    0e+00    5e-05    1e-04        6      723      902      729   22.5    0  
2   1000   2.00   0.9   -8.710e-01    0e+00    6e-05    9e-05        6      713      921      719   22.2    0  
2   2000   0.05   0.1   -5.005e-01    0e+00    6e-05    4e-03        6     2413     2595     2419   154.0    4  
2   2000   0.05   0.3   -5.063e-01    0e+00    6e-05    6e-04        6     2380     2563     2386   149.8    4  
2   2000   0.05   0.7   -5.293e-01    0e+00    6e-06    2e-03        7     3330     3598     3337   207.4    4  
2   2000   0.05   0.9   -5.276e-01    0e+00    7e-06    2e-03        7     3250     3544     3257   203.1    4  
2   2000   0.10   0.1   -5.002e-01    0e+00    6e-05    2e-03        6     2374     2550     2380   152.1    4  
2   2000   0.10   0.3   -5.309e-01    0e+00    7e-06    1e-03        7     3145     3412     3152   196.5    4  
2   2000   0.10   0.7   -5.422e-01    0e+00    7e-06    4e-03        7     3249     3518     3256   200.3    4  
2   2000   0.10   0.9   -5.412e-01    0e+00    6e-05    4e-03        6     2344     2528     2350   143.5    4  
2   2000   0.25   0.1   -5.172e-01    0e+00    6e-06    4e-03        7     3096     3375     3103   197.2    4  
2   2000   0.25   0.3   -5.380e-01    0e+00    6e-05    2e-03        6     2316     2478     2322   151.1    4  
2   2000   0.25   0.7   -5.835e-01    0e+00    6e-06    7e-04        7     2798     3102     2805   175.6    4  
2   2000   0.25   0.9   -5.892e-01    0e+00    7e-06    1e-03        7     3061     3335     3068   190.2    4  
2   2000   0.50   0.1   -5.368e-01    0e+00    7e-06    9e-04        7     2876     3126     2883   179.7    4  
2   2000   0.50   0.3   -5.683e-01    0e+00    6e-06    2e-03        7     2857     3094     2864   177.8    4  
2   2000   0.50   0.7   -6.196e-01    0e+00    6e-06    6e-04        7     2710     2969     2717   168.4    4  
2   2000   0.50   0.9   -6.477e-01    0e+00    7e-06    7e-04        7     2624     2881     2631   163.0    4  
2   2000   1.00   0.1   -6.229e-01    0e+00    6e-05    1e-04        6     1264     1424     1270   75.8    0  
2   2000   1.00   0.3   -6.601e-01    0e+00    6e-05    9e-05        6     1217     1336     1223   76.4    0  
2   2000   1.00   0.7   -6.933e-01    0e+00    6e-05    1e-04        6     1202     1359     1208   77.9    0  
2   2000   1.00   0.9   -7.322e-01    0e+00    6e-05    9e-05        6     1000     1155     1006   65.6    0  
2   2000   2.00   0.1   -7.967e-01    0e+00    6e-05    9e-05        6      859      978      865   56.9    0  
2   2000   2.00   0.3   -8.188e-01    0e+00    6e-05    1e-04        6      879     1008      885   59.6    0  
2   2000   2.00   0.7   -8.564e-01    0e+00    6e-05    1e-04        6      741      880      747   48.0    0  
2   2000   2.00   0.9   -8.665e-01    0e+00    6e-05    1e-04        6      757      906      763   49.4    0  
3     20   0.05   0.1   -6.335e-01    0e+00    5e-05    5e-05        5      401      711      406   0.6    0  
3     20   0.05   0.3   -5.232e-01    0e+00    5e-05    6e-05        5      483      861      488   0.8    0  
3     20   0.05   0.7   -6.380e-01    0e+00    5e-05    8e-05        5      461      742      466   0.7    0  
3     20   0.05   0.9   -7.512e-01    0e+00    5e-05    8e-05        5      552      958      557   0.9    0  
3     20   0.10   0.1   -4.979e-01    0e+00    5e-05    8e-05        5      517      902      522   0.8    0  
3     20   0.10   0.3   -6.065e-01    0e+00    5e-05    7e-05        5      510      821      515   0.8    0  
3     20   0.10   0.7   -6.858e-01    0e+00    5e-05    5e-05        5      474      930      479   0.8    0  
3     20   0.10   0.9   -6.880e-01    0e+00    5e-05    5e-05        5      478      936      483   0.9    0  
3     20   0.25   0.1   -6.072e-01    0e+00    5e-05    6e-05        5      460      808      465   0.8    0  
3     20   0.25   0.3   -5.597e-01    0e+00    5e-05    5e-05        5      463      747      468   0.8    0  
3     20   0.25   0.7   -4.422e-01    0e+00    5e-05    4e-05        5      626     1253      631   1.1    0  
3     20   0.25   0.9   -8.625e-01    0e+00    5e-05    8e-05        5      338      605      343   0.6    0  
3     20   0.50   0.1   -5.576e-01    0e+00    5e-05    8e-05        5      459      804      464   0.7    0  
3     20   0.50   0.3   -5.891e-01    0e+00    5e-05    6e-05        5      473      848      478   0.8    0  
3     20   0.50   0.7   -8.204e-01    0e+00    5e-05    9e-05        5      365      681      370   0.7    0  
3     20   0.50   0.9   -7.536e-01    0e+00    5e-05    8e-05        5      421      752      426   0.7    0  
3     20   1.00   0.1   -4.476e-01    0e+00    5e-05    1e-04        5      640     1120      645   1.1    0  
3     20   1.00   0.3   -4.364e-01    0e+00    5e-05    9e-05        5      524      841      529   0.8    0  
3     20   1.00   0.7   -9.981e-01    0e+00    5e-05    6e-05        5      297      530      302   0.5    0  
3     20   1.00   0.9   -8.076e-01    0e+00    5e-05    8e-05        5      292      485      297   0.5    0  
3     20   2.00   0.1   -7.265e-01    0e+00    5e-05    2e-05        5      495      955      500   0.9    0  
3     20   2.00   0.3   -7.436e-01    0e+00    5e-05    7e-05        5      432      859      437   0.8    0  
3     20   2.00   0.7   -8.768e-01    0e+00    5e-05    9e-05        5      252      494      257   0.4    0  
3     20   2.00   0.9   -8.568e-01    0e+00    5e-05    6e-05        5      226      409      231   0.4    0  
3     50   0.05   0.1   -5.091e-01    0e+00    5e-05    9e-05        5      879     1387      884   2.3    0  
3     50   0.05   0.3   -5.006e-01    0e+00    5e-05    8e-05        5     1351     1870     1356   3.5    0  
3     50   0.05   0.7   -5.468e-01    0e+00    5e-05    4e-05        5     1073     1682     1078   2.8    0  
3     50   0.05   0.9   -5.397e-01    0e+00    5e-05    5e-05        5     1176     1789     1181   3.0    0  
3     50   0.10   0.1   -5.589e-01    0e+00    5e-05    8e-05        5      908     1491      913   2.3    0  
3     50   0.10   0.3   -6.202e-01    0e+00    5e-05    7e-05        5      897     1507      902   2.5    0  
3     50   0.10   0.7   -5.770e-01    0e+00    5e-05    7e-05        5      776     1283      781   2.1    0  
3     50   0.10   0.9   -6.155e-01    0e+00    5e-05    9e-05        5      915     1470      920   2.4    0  
3     50   0.25   0.1   -4.929e-01    0e+00    5e-05    5e-05        5     1121     1717     1126   3.0    0  
3     50   0.25   0.3   -6.209e-01    0e+00    5e-05    8e-05        5      868     1402      873   2.2    0  
3     50   0.25   0.7   -5.725e-01    0e+00    5e-05    1e-04        5     1115     1687     1120   2.9    0  
3     50   0.25   0.9   -5.835e-01    0e+00    5e-05    9e-05        5     1028     1510     1033   2.6    0  
3     50   0.50   0.1   -5.962e-01    0e+00    5e-05    1e-04        5     1129     1792     1134   3.1    0  
3     50   0.50   0.3   -6.704e-01    0e+00    5e-05    5e-05        5      710     1137      715   1.8    0  
3     50   0.50   0.7   -6.175e-01    0e+00    5e-05    8e-05        5      665     1086      670   1.9    0  
3     50   0.50   0.9   -7.237e-01    0e+00    5e-05    9e-05        5      641      958      646   1.6    0  
3     50   1.00   0.1   -6.799e-01    0e+00    5e-05    5e-05        5      709     1125      714   1.9    0  
3     50   1.00   0.3   -6.526e-01    0e+00    5e-05    6e-05        5      918     1371      923   2.4    0  
3     50   1.00   0.7   -6.644e-01    0e+00    5e-05    7e-05        5     1287     2066     1292   3.5    0  
3     50   1.00   0.9   -7.112e-01    0e+00    5e-05    9e-05        5      502      791      507   1.3    0  
3     50   2.00   0.1   -7.571e-01    0e+00    5e-05    6e-05        5      718     1322      723   2.0    0  
3     50   2.00   0.3   -8.037e-01    0e+00    5e-05    1e-04        5      539      823      544   1.4    0  
3     50   2.00   0.7   -8.584e-01    0e+00    5e-05    7e-05        5      384      620      389   1.1    0  
3     50   2.00   0.9   -8.670e-01    0e+00    5e-05    7e-05        5      399      667      404   1.1    0  
3    200   0.05   0.1   -5.033e-01    0e+00    5e-05    5e-03        5     2988     4534     2993   21.8    4  
3    200   0.05   0.3   -5.265e-01    0e+00    5e-05    3e-03        5     2863     4146     2868   21.0    4  
3    200   0.05   0.7   -5.910e-01    0e+00    5e-05    7e-03        5     2589     3914     2594   19.1    4  
3    200   0.05   0.9   -5.457e-01    0e+00    5e-05    1e-04        5     2259     3315     2264   16.4    0  
3    200   0.10   0.1   -5.087e-01    0e+00    5e-05    2e-02        5     2772     4159     2777   20.3    4  
3    200   0.10   0.3   -5.358e-01    0e+00    5e-05    1e-04        5     2718     3878     2723   18.8    0  
3    200   0.10   0.7   -5.260e-01    0e+00    5e-05    7e-05        5     2514     3572     2519   18.6    0  
3    200   0.10   0.9   -5.643e-01    0e+00    5e-05    1e-04        5     2655     3641     2660   18.2    4  
3    200   0.25   0.1   -4.849e-01    0e+00    5e-04    1e-01        4     2136     3080     2140   15.8    4  
3    200   0.25   0.3   -5.231e-01    0e+00    5e-05    8e-05        5     2682     4001     2687   18.9    0  
3    200   0.25   0.7   -5.583e-01    0e+00    5e-05    1e-03        5     2788     4282     2793   21.5    4  
3    200   0.25   0.9   -6.027e-01    0e+00    5e-06    5e-03        6     3753     6315     3759   29.0    4  
3    200   0.50   0.1   -5.711e-01    0e+00    5e-05    1e-04        5     2672     4112     2677   19.3    0  
3    200   0.50   0.3   -6.140e-01    0e+00    5e-05    1e-04        5     2263     3465     2268   17.5    0  
3    200   0.50   0.7   -6.348e-01    0e+00    5e-05    9e-05        5     2548     3839     2553   18.7    0  
3    200   0.50   0.9   -5.889e-01    0e+00    5e-05    1e-04        5     2303     3313     2308   16.6    0  
3    200   1.00   0.1   -6.970e-01    0e+00    5e-05    8e-05        5     1427     2284     1432   9.9    0  
3    200   1.00   0.3   -6.168e-01    0e+00    5e-05    9e-05        5     1692     2452     1697   12.1    0  
3    200   1.00   0.7   -7.173e-01    0e+00    5e-05    9e-05        5     1391     2283     1396   10.5    0  
3    200   1.00   0.9   -7.727e-01    0e+00    5e-05    9e-05        5     1378     2335     1383   11.3    0  
3    200   2.00   0.1   -7.240e-01    0e+00    5e-05    6e-05        5     1471     2371     1476   11.7    0  
3    200   2.00   0.3   -8.298e-01    0e+00    5e-05    8e-05        5     1250     2015     1255   10.4    0  
3    200   2.00   0.7   -8.563e-01    0e+00    5e-05    1e-04        5      931     1496      936   6.9    0  
3    200   2.00   0.9   -8.765e-01    0e+00    5e-05    7e-05        5      774     1297      779   6.5    0  
3    500   0.05   0.1   -5.234e-01    0e+00    5e-05    5e-03        5     2849     4290     2854   46.6    4  
3    500   0.05   0.3   -5.131e-01    0e+00    5e-04    5e-02        4     2006     2947     2010   33.4    4  
3    500   0.05   0.7   -5.326e-01    0e+00    5e-05    1e-02        5     2953     4355     2958   47.2    4  
3    500   0.05   0.9   -5.392e-01    0e+00    5e-05    2e-02        5     2937     4474     2942   48.3    4  
3    500   0.10   0.1   -5.333e-01    0e+00    5e-05    1e-02        5     2863     4323     2868   49.1    4  
3    500   0.10   0.3   -5.068e-01    0e+00    5e-04    1e-02        4     2007     2864     2011   32.3    4  
3    500   0.10   0.7   -5.262e-01    0e+00    5e-04    6e-03        4     2009     2839     2013   32.2    4  
3    500   0.10   0.9   -5.477e-01    0e+00    5e-05    1e-02        5     2917     4351     2922   46.9    4  
3    500   0.25   0.1   -5.218e-01    0e+00    5e-04    4e-03        4     2006     2764     2010   28.1    4  
3    500   0.25   0.3   -5.649e-01    0e+00    5e-05    6e-03        5     2654     4016     2659   46.6    4  
3    500   0.25   0.7   -5.718e-01    0e+00    5e-05    2e-02        5     2724     3994     2729   43.4    4  
3    500   0.25   0.9   -6.018e-01    0e+00    5e-05    2e-02        5     2658     4128     2663   43.4    4  
3    500   0.50   0.1   -5.514e-01    0e+00    5e-05    2e-03        5     2642     4058     2647   44.0    4  
3    500   0.50   0.3   -5.849e-01    0e+00    5e-05    1e-02        5     2728     4221     2733   45.1    4  
3    500   0.50   0.7   -6.398e-01    0e+00    5e-05    1e-02        5     2518     3902     2523   41.8    4  
3    500   0.50   0.9   -6.390e-01    0e+00    5e-05    2e-03        5     2604     3987     2609   44.6    4  
3    500   1.00   0.1   -6.400e-01    0e+00    5e-06    7e-04        6     3319     5507     3325   60.1    4  
3    500   1.00   0.3   -6.889e-01    0e+00    5e-06    9e-04        6     3153     5337     3159   53.6    4  
3    500   1.00   0.7   -7.336e-01    0e+00    5e-05    9e-05        5     1986     3133     1991   34.5    0  
3    500   1.00   0.9   -7.332e-01    0e+00    5e-05    7e-05        5     2121     3278     2126   37.1    0  
3    500   2.00   0.1   -8.037e-01    0e+00    5e-05    9e-05        5     1811     2763     1816   27.7    0  
3    500   2.00   0.3   -8.437e-01    0e+00    5e-05    8e-05        5     1671     2625     1676   30.1    0  
3    500   2.00   0.7   -8.530e-01    0e+00    5e-05    6e-05        5     1559     2516     1564   28.7    0  
3    500   2.00   0.9   -8.992e-01    0e+00    5e-05    6e-05        5     1162     2093     1167   19.6    0  
3   1000   0.05   0.1   -5.073e-01    0e+00    5e-04    9e-02        4     2009     2815     2013   67.9    4  
3   1000   0.05   0.3   -5.077e-01    0e+00    5e-04    5e-02        4     2006     2758     2010   57.7    4  
3   1000   0.05   0.7   -5.275e-01    0e+00    5e-04    4e-02        4     2006     2815     2010   67.2    4  
3   1000   0.05   0.9   -5.378e-01    0e+00    5e-05    4e-02        5     2975     4274     2980   96.2    4  
3   1000   0.10   0.1   -5.049e-01    0e+00    5e-04    2e-02        4     2006     2789     2010   64.2    4  
3   1000   0.10   0.3   -5.056e-01    0e+00    5e-04    2e-02        4     2007     2680     2011   65.0    4  
3   1000   0.10   0.7   -5.524e-01    0e+00    5e-05    3e-02        5     2985     4333     2990   97.1    4  
3   1000   0.10   0.9   -5.597e-01    0e+00    5e-05    7e-02        5     2909     4252     2914   96.2    4  
3   1000   0.25   0.1   -4.985e-01    0e+00    5e-04    1e-01        4     2006     2829     2010   61.2    4  
3   1000   0.25   0.3   -5.538e-01    0e+00    5e-05    1e-02        5     2835     4092     2840   91.7    4  
3   1000   0.25   0.7   -5.720e-01    0e+00    5e-05    9e-03        5     2951     4296     2956   97.8    4  
3   1000   0.25   0.9   -6.036e-01    0e+00    5e-05    7e-02        5     2799     4120     2804   96.4    4  
3   1000   0.50   0.1   -5.418e-01    0e+00    5e-05    4e-02        5     2850     4109     2855   94.4    4  
3   1000   0.50   0.3   -5.625e-01    0e+00    5e-05    1e-02        5     2930     4231     2935   98.8    4  
3   1000   0.50   0.7   -6.209e-01    0e+00    5e-05    3e-02        5     2669     3947     2674   87.2    4  
3   1000   0.50   0.9   -6.386e-01    0e+00    5e-05    1e-02        5     2616     3911     2621   88.6    4  
3   1000   1.00   0.1   -6.339e-01    0e+00    5e-06    1e-02        6     3496     5340     3502   118.4    4  
3   1000   1.00   0.3   -6.600e-01    0e+00    5e-06    8e-03        6     3405     5321     3411   116.3    4  
3   1000   1.00   0.7   -6.782e-01    0e+00    5e-05    1e-02        5     2477     3665     2482   84.5    4  
3   1000   1.00   0.9   -7.327e-01    0e+00    5e-06    6e-03        6     3381     5681     3387   121.0    4  
3   1000   2.00   0.1   -8.218e-01    0e+00    5e-06    5e-03        6     2970     4811     2976   107.2    4  
3   1000   2.00   0.3   -8.400e-01    0e+00    5e-06    2e-02        6     2949     4674     2955   98.3    4  
3   1000   2.00   0.7   -8.540e-01    0e+00    5e-05    9e-05        5     1830     2860     1835   58.4    0  
3   1000   2.00   0.9   -8.710e-01    0e+00    5e-05    9e-05        5     1841     3105     1846   71.9    0  
3   2000   0.05   0.1   -4.947e-01    0e+00    5e-04    2e-01        4     2010     2785     2014   146.8    4  
3   2000   0.05   0.3   -5.007e-01    0e+00    5e-04    3e-02        4     2010     2705     2014   128.4    4  
3   2000   0.05   0.7   -5.239e-01    0e+00    5e-04    2e-02        4     2006     2707     2010   139.1    4  
3   2000   0.05   0.9   -5.221e-01    0e+00    5e-04    2e-01        4     2008     2730     2012   134.2    4  
3   2000   0.10   0.1   -4.939e-01    0e+00    5e-04    8e-02        4     2008     2670     2012   140.5    4  
3   2000   0.10   0.3   -5.252e-01    0e+00    5e-04    6e-02        4     2007     2714     2011   141.4    4  
3   2000   0.10   0.7   -5.370e-01    0e+00    5e-04    5e-02        4     2009     2748     2013   130.9    4  
3   2000   0.10   0.9   -5.365e-01    0e+00    5e-04    7e-02        4     2009     2706     2013   143.4    4  
3   2000   0.25   0.1   -5.166e-01    0e+00    5e-05    4e-02        5     2947     4061     2952   199.2    4  
3   2000   0.25   0.3   -5.332e-01    0e+00    5e-04    7e-02        4     2008     2738     2012   142.8    4  
3   2000   0.25   0.7   -5.831e-01    0e+00    5e-05    5e-02        5     2894     3969     2899   199.1    4  
3   2000   0.25   0.9   -5.888e-01    0e+00    5e-05    6e-02        5     2911     4068     2916   196.3    4  
3   2000   0.50   0.1   -5.362e-01    0e+00    5e-05    3e-02        5     2943     4012     2948   203.5    4  
3   2000   0.50   0.3   -5.678e-01    0e+00    5e-05    5e-02        5     2826     4041     2831   202.7    4  
3   2000   0.50   0.7   -6.194e-01    0e+00    5e-05    5e-02        5     2704     3867     2709   198.9    4  
3   2000   0.50   0.9   -6.474e-01    0e+00    5e-05    5e-02        5     2675     3847     2680   186.8    4  
3   2000   1.00   0.1   -6.227e-01    0e+00    5e-05    1e-02        5     2490     3499     2495   164.3    4  
3   2000   1.00   0.3   -6.600e-01    0e+00    5e-05    8e-03        5     2491     3543     2496   179.8    4  
3   2000   1.00   0.7   -6.932e-01    0e+00    5e-05    3e-02        5     2507     3651     2512   169.7    4  
3   2000   1.00   0.9   -7.321e-01    0e+00    5e-05    2e-02        5     2499     3707     2504   182.3    4  
3   2000   2.00   0.1   -7.970e-01    0e+00    5e-06    2e-02        6     3191     4637     3197   221.0    4  
3   2000   2.00   0.3   -8.191e-01    0e+00    5e-06    5e-02        6     3201     4835     3207   231.1    4  
3   2000   2.00   0.7   -8.565e-01    0e+00    5e-06    2e-02        6     3194     5041     3200   231.2    4  
3   2000   2.00   0.9   -8.665e-01    0e+00    5e-06    4e-03        6     3093     5171     3099   237.2    4  
4     20   0.05   0.1   -6.334e-01    0e+00    1e-04    8e-05        5      408      679      413   0.6    0  
4     20   0.05   0.3   -5.231e-01    0e+00    1e-04    1e-04        5      487      828      492   0.7    0  
4     20   0.05   0.7   -6.379e-01    0e+00    1e-04    7e-05        5      445      692      450   0.6    0  
4     20   0.05   0.9   -7.512e-01    0e+00    1e-04    7e-05        5      545      912      550   0.9    0  
4     20   0.10   0.1   -4.978e-01    0e+00    1e-04    7e-05        5      503      893      508   0.8    0  
4     20   0.10   0.3   -5.759e-01    0e+00    1e-04    8e-05        5      520      884      525   0.8    0  
4     20   0.10   0.7   -6.857e-01    0e+00    1e-04    1e-04        5      460      782      465   0.7    0  
4     20   0.10   0.9   -6.879e-01    0e+00    1e-04    7e-05        5      457      815      462   0.7    0  
4     20   0.25   0.1   -6.072e-01    0e+00    1e-04    4e-05        5      462      813      467   0.7    0  
4     20   0.25   0.3   -5.596e-01    0e+00    1e-04    1e-04        5      410      701      415   0.6    0  
4     20   0.25   0.7   -4.422e-01    0e+00    1e-04    9e-05        5      480      936      485   0.8    0  
4     20   0.25   0.9   -8.625e-01    0e+00    1e-04    6e-05        5      338      596      343   0.5    0  
4     20   0.50   0.1   -5.575e-01    0e+00    1e-04    8e-05        5      481      847      486   0.7    0  
4     20   0.50   0.3   -5.890e-01    0e+00    1e-04    8e-05        5      414      729      419   0.6    0  
4     20   0.50   0.7   -8.204e-01    0e+00    1e-04    5e-05        5      325      616      330   0.5    0  
4     20   0.50   0.9   -7.536e-01    0e+00    1e-04    5e-05        5      415      705      420   0.6    0  
4     20   1.00   0.1   -4.476e-01    0e+00    1e-04    7e-05        5      608     1041      613   1.0    0  
4     20   1.00   0.3   -4.364e-01    0e+00    1e-04    6e-05        5      509      808      514   0.7    0  
4     20   1.00   0.7   -9.980e-01    0e+00    1e-04    4e-05        5      260      462      265   0.4    0  
4     20   1.00   0.9   -8.076e-01    0e+00    1e-04    6e-05        5      329      511      334   0.5    0  
4     20   2.00   0.1   -7.264e-01    0e+00    1e-04    7e-05        5      417      803      422   0.7    0  
4     20   2.00   0.3   -7.436e-01    0e+00    1e-04    7e-05        5      391      747      396   0.6    0  
4     20   2.00   0.7   -8.768e-01    0e+00    1e-04    6e-05        5      238      441      243   0.4    0  
4     20   2.00   0.9   -8.568e-01    0e+00    1e-04    6e-05        5      207      385      212   0.4    0  
4     50   0.05   0.1   -5.091e-01    0e+00    1e-04    1e-04        5      827     1292      832   2.0    0  
4     50   0.05   0.3   -5.006e-01    0e+00    1e-04    9e-05        5     1389     1885     1394   3.4    0  
4     50   0.05   0.7   -5.467e-01    0e+00    1e-04    6e-05        5      989     1610      994   2.6    0  
4     50   0.05   0.9   -5.397e-01    0e+00    1e-04    1e-04        5     1025     1598     1030   2.7    0  
4     50   0.10   0.1   -5.587e-01    0e+00    1e-04    8e-05        5      859     1474      864   2.3    0  
4     50   0.10   0.3   -6.201e-01    0e+00    1e-04    5e-05        5      815     1276      820   2.3    0  
4     50   0.10   0.7   -5.769e-01    0e+00    1e-04    6e-05        5      713     1131      718   1.9    0  
4     50   0.10   0.9   -5.711e-01    0e+00    1e-04    7e-05        5     1678     2505     1683   4.4    0  
4     50   0.25   0.1   -4.929e-01    0e+00    1e-04    1e-04        5     1010     1604     1015   2.5    0  
4     50   0.25   0.3   -6.209e-01    0e+00    1e-04    9e-05        5      860     1378      865   2.3    0  
4     50   0.25   0.7   -5.724e-01    0e+00    1e-04    9e-05        5     1051     1521     1056   2.6    0  
4     50   0.25   0.9   -5.806e-01    0e+00    1e-04    8e-05        5     1727     2221     1732   4.0    0  
4     50   0.50   0.1   -5.961e-01    0e+00    1e-04    7e-05        5      976     1520      981   2.3    0  
4     50   0.50   0.3   -6.703e-01    0e+00    1e-04    1e-04        5      675     1008      680   1.5    0  
4     50   0.50   0.7   -6.174e-01    0e+00    1e-04    7e-05        5      715     1063      720   2.0    0  
4     50   0.50   0.9   -7.237e-01    0e+00    1e-04    9e-05        5      630      899      635   1.4    0  
4     50   1.00   0.1   -6.798e-01    0e+00    1e-04    7e-05        5      709     1150      714   2.0    0  
4     50   1.00   0.3   -6.526e-01    0e+00    1e-04    9e-05        5      891     1332      896   2.2    0  
4     50   1.00   0.7   -6.691e-01    0e+00    1e-04    1e-04        5      997     1426     1002   2.6    0  
4     50   1.00   0.9   -7.112e-01    0e+00    1e-04    8e-05        5      515      799      520   1.3    0  
4     50   2.00   0.1   -7.570e-01    0e+00    1e-04    8e-05        5      663     1129      668   1.8    0  
4     50   2.00   0.3   -8.036e-01    0e+00    1e-04    9e-05        5      510      786      515   1.3    0  
4     50   2.00   0.7   -8.584e-01    0e+00    1e-04    7e-05        5      388      615      393   1.3    0  
4     50   2.00   0.9   -8.670e-01    0e+00    1e-04    8e-05        5      375      634      380   1.1    0  
4    200   0.05   0.1   -5.032e-01    0e+00    1e-04    4e-03        5     2696     3902     2701   18.8    4  
4    200   0.05   0.3   -5.263e-01    0e+00    1e-04    3e-03        5     2529     3444     2534   18.1    4  
4    200   0.05   0.7   -5.911e-01    0e+00    1e-05    9e-05        6     2990     4674     2996   21.6    0  
4    200   0.05   0.9   -5.455e-01    0e+00    1e-04    9e-05        5     1951     2766     1956   13.0    0  
4    200   0.10   0.1   -5.085e-01    0e+00    1e-04    9e-03        5     2609     3771     2614   19.1    4  
4    200   0.10   0.3   -5.356e-01    0e+00    1e-04    8e-05        5     2338     3352     2343   15.4    0  
4    200   0.10   0.7   -5.258e-01    0e+00    1e-04    8e-05        5     2210     3132     2215   16.5    0  
4    200   0.10   0.9   -5.645e-01    0e+00    1e-05    8e-05        6     2979     4239     2985   20.3    0  
4    200   0.25   0.1   -4.904e-01    0e+00    1e-03    1e-04        4     2006     2784     2010   13.5    4  
4    200   0.25   0.3   -5.233e-01    0e+00    1e-05    1e-04        6     3105     5051     3111   23.3    0  
4    200   0.25   0.7   -5.584e-01    0e+00    1e-05    3e-03        6     3386     5542     3392   25.3    4  
4    200   0.25   0.9   -6.027e-01    0e+00    1e-05    6e-05        6     3409     5490     3415   24.6    0  
4    200   0.50   0.1   -5.710e-01    0e+00    1e-04    9e-05        5     2232     3291     2237   15.2    0  
4    200   0.50   0.3   -6.139e-01    0e+00    1e-04    1e-04        5     1914     2832     1919   14.7    0  
4    200   0.50   0.7   -6.347e-01    0e+00    1e-04    9e-05        5     2195     3339     2200   14.6    0  
4    200   0.50   0.9   -5.888e-01    0e+00    1e-04    7e-05        5     2149     3149     2154   16.3    0  
4    200   1.00   0.1   -6.968e-01    0e+00    1e-04    7e-05        5     1257     1954     1262   8.4    0  
4    200   1.00   0.3   -6.166e-01    0e+00    1e-04    1e-04        5     1439     2035     1444   9.4    0  
4    200   1.00   0.7   -7.172e-01    0e+00    1e-04    5e-05        5     1158     1770     1163   8.7    0  
4    200   1.00   0.9   -7.726e-01    0e+00    1e-04    1e-04        5     1229     1921     1234   9.0    0  
4    200   2.00   0.1   -7.238e-01    0e+00    1e-04    8e-05        5     1323     2085     1328   10.3    0  
4    200   2.00   0.3   -8.296e-01    0e+00    1e-04    6e-05        5      998     1582     1003   7.7    0  
4    200   2.00   0.7   -8.562e-01    0e+00    1e-04    5e-05        5      825     1272      830   6.5    0  
4    200   2.00   0.9   -8.765e-01    0e+00    1e-04    9e-05        5      731     1144      736   6.1    0  
4    500   0.05   0.1   -5.231e-01    0e+00    1e-04    7e-03        5     2575     3703     2580   43.3    4  
4    500   0.05   0.3   -5.150e-01    0e+00    1e-04    4e-02        5     2865     4076     2870   44.2    4  
4    500   0.05   0.7   -5.324e-01    0e+00    1e-04    5e-03        5     2611     3807     2616   41.1    4  
4    500   0.05   0.9   -5.389e-01    0e+00    1e-04    2e-02        5     2624     3830     2629   40.3    4  
4    500   0.10   0.1   -5.331e-01    0e+00    1e-04    2e-02        5     2559     3753     2564   41.9    4  
4    500   0.10   0.3   -5.089e-01    0e+00    1e-04    3e-02        5     2648     3882     2653   43.1    4  
4    500   0.10   0.7   -5.282e-01    0e+00    1e-04    6e-03        5     2677     3874     2682   43.1    4  
4    500   0.10   0.9   -5.474e-01    0e+00    1e-04    1e-02        5     2581     3806     2586   40.8    4  
4    500   0.25   0.1   -5.242e-01    0e+00    1e-04    2e-02        5     2579     3760     2584   42.3    4  
4    500   0.25   0.3   -5.647e-01    0e+00    1e-04    4e-02        5     2490     3690     2495   38.6    4  
4    500   0.25   0.7   -5.716e-01    0e+00    1e-04    7e-03        5     2535     3729     2540   41.0    4  
4    500   0.25   0.9   -6.016e-01    0e+00    1e-04    3e-03        5     2463     3598     2468   41.0    4  
4    500   0.50   0.1   -5.516e-01    0e+00    1e-05    5e-03        6     3462     5326     3468   55.1    4  
4    500   0.50   0.3   -5.847e-01    0e+00    1e-04    2e-02        5     2481     3614     2486   40.4    4  
4    500   0.50   0.7   -6.399e-01    0e+00    1e-05    1e-02        6     3260     5236     3266   54.3    4  
4    500   0.50   0.9   -6.391e-01    0e+00    1e-05    2e-02        6     3317     5504     3323   55.5    4  
4    500   1.00   0.1   -6.400e-01    0e+00    1e-05    3e-03        6     2998     4765     3004   49.7    4  
4    500   1.00   0.3   -6.889e-01    0e+00    1e-05    5e-03        6     2941     4708     2947   48.6    4  
4    500   1.00   0.7   -7.334e-01    0e+00    1e-04    9e-05        5     1796     2731     1801   30.7    0  
4    500   1.00   0.9   -7.332e-01    0e+00    1e-04    9e-05        5     1779     2796     1784   27.8    0  
4    500   2.00   0.1   -8.034e-01    0e+00    1e-04    6e-05        5     1500     2342     1505   26.5    0  
4    500   2.00   0.3   -8.435e-01    0e+00    1e-04    7e-05        5     1442     2164     1447   22.5    0  
4    500   2.00   0.7   -8.529e-01    0e+00    1e-04    7e-05        5     1351     2129     1356   24.8    0  
4    500   2.00   0.9   -8.991e-01    0e+00    1e-04    5e-05        5      929     1544      934   14.6    0  
4   1000   0.05   0.1   -5.108e-01    0e+00    1e-04    3e-02        5     2792     3934     2797   93.2    4  
4   1000   0.05   0.3   -5.112e-01    0e+00    1e-04    1e-02        5     2785     4013     2790   91.6    4  
4   1000   0.05   0.7   -5.304e-01    0e+00    1e-04    1e-01        5     2755     3837     2760   92.7    4  
4   1000   0.05   0.9   -5.374e-01    0e+00    1e-04    4e-02        5     2626     3718     2631   87.0    4  
4   1000   0.10   0.1   -5.080e-01    0e+00    1e-04    2e-01        5     2678     3759     2683   87.6    4  
4   1000   0.10   0.3   -5.091e-01    0e+00    1e-04    4e-02        5     2661     3746     2666   88.6    4  
4   1000   0.10   0.7   -5.521e-01    0e+00    1e-04    1e-02        5     2532     3685     2537   84.3    4  
4   1000   0.10   0.9   -5.593e-01    0e+00    1e-04    2e-02        5     2681     3870     2686   91.7    4  
4   1000   0.25   0.1   -5.021e-01    0e+00    1e-04    8e-02        5     2758     3944     2763   92.4    4  
4   1000   0.25   0.3   -5.534e-01    0e+00    1e-04    7e-03        5     2567     3755     2572   86.0    4  
4   1000   0.25   0.7   -5.717e-01    0e+00    1e-04    2e-02        5     2537     3611     2542   86.1    4  
4   1000   0.25   0.9   -6.034e-01    0e+00    1e-04    2e-02        5     2447     3549     2452   81.8    4  
4   1000   0.50   0.1   -5.414e-01    0e+00    1e-04    1e-02        5     2537     3640     2542   86.8    4  
4   1000   0.50   0.3   -5.622e-01    0e+00    1e-04    2e-02        5     2579     3625     2584   90.6    4  
4   1000   0.50   0.7   -6.207e-01    0e+00    1e-04    9e-03        5     2449     3424     2454   81.2    4  
4   1000   0.50   0.9   -6.385e-01    0e+00    1e-04    1e-02        5     2409     3443     2414   84.4    4  
4   1000   1.00   0.1   -6.338e-01    0e+00    1e-05    2e-02        6     3118     4767     3124   106.6    4  
4   1000   1.00   0.3   -6.600e-01    0e+00    1e-05    5e-03        6     3202     4906     3208   109.1    4  
4   1000   1.00   0.7   -6.784e-01    0e+00    1e-05    1e-02        6     3198     4975     3204   105.6    4  
4   1000   1.00   0.9   -7.327e-01    0e+00    1e-05    3e-03        6     3138     5084     3144   107.0    4  
4   1000   2.00   0.1   -8.209e-01    0e+00    1e-04    9e-05        5     1752     2605     1757   54.2    0  
4   1000   2.00   0.3   -8.393e-01    0e+00    1e-04    5e-05        5     1740     2493     1745   58.0    0  
4   1000   2.00   0.7   -8.538e-01    0e+00    1e-04    6e-05        5     1592     2377     1597   49.9    0  
4   1000   2.00   0.9   -8.709e-01    0e+00    1e-04    6e-05        5     1581     2556     1586   56.9    0  
4   2000   0.05   0.1   -4.880e-01    0e+00    1e-03    6e-02        4     2010     2645     2014   141.6    4  
4   2000   0.05   0.3   -5.054e-01    0e+00    1e-04    7e-02        5     2646     3666     2651   179.4    4  
4   2000   0.05   0.7   -5.277e-01    0e+00    1e-04    1e-01        5     2728     3754     2733   187.9    4  
4   2000   0.05   0.9   -5.261e-01    0e+00    1e-04    2e-01        5     2646     3629     2651   187.9    4  
4   2000   0.10   0.1   -4.991e-01    0e+00    1e-04    7e-02        5     2982     3996     2987   201.7    4  
4   2000   0.10   0.3   -5.297e-01    0e+00    1e-04    2e-01        5     2671     3696     2676   185.6    4  
4   2000   0.10   0.7   -5.411e-01    0e+00    1e-04    2e-02        5     2694     3736     2699   175.6    4  
4   2000   0.10   0.9   -5.399e-01    0e+00    1e-04    2e-01        5     2555     3598     2560   180.5    4  
4   2000   0.25   0.1   -5.160e-01    0e+00    1e-04    3e-02        5     2532     3530     2537   172.8    4  
4   2000   0.25   0.3   -5.373e-01    0e+00    1e-04    8e-02        5     2547     3522     2552   172.7    4  
4   2000   0.25   0.7   -5.826e-01    0e+00    1e-04    3e-02        5     2481     3445     2486   166.2    4  
4   2000   0.25   0.9   -5.884e-01    0e+00    1e-04    4e-02        5     2487     3489     2492   172.0    4  
4   2000   0.50   0.1   -5.356e-01    0e+00    1e-04    4e-02        5     2539     3497     2544   165.6    4  
4   2000   0.50   0.3   -5.673e-01    0e+00    1e-04    3e-02        5     2471     3477     2476   172.9    4  
4   2000   0.50   0.7   -6.191e-01    0e+00    1e-04    1e-02        5     2423     3374     2428   158.5    4  
4   2000   0.50   0.9   -6.471e-01    0e+00    1e-04    3e-02        5     2370     3390     2375   175.9    4  
4   2000   1.00   0.1   -6.232e-01    0e+00    1e-05    1e-01        6     3290     4810     3296   230.6    4  
4   2000   1.00   0.3   -6.603e-01    0e+00    1e-05    2e-01        6     3256     4726     3262   237.8    4  
4   2000   1.00   0.7   -6.929e-01    0e+00    1e-04    5e-03        5     2325     3250     2330   167.3    4  
4   2000   1.00   0.9   -7.322e-01    0e+00    1e-05    8e-03        6     3260     4952     3266   235.6    4  
4   2000   2.00   0.1   -7.970e-01    0e+00    1e-05    1e-02        6     2915     4253     2921   204.7    4  
4   2000   2.00   0.3   -8.190e-01    0e+00    1e-05    1e-02        6     2850     4203     2856   212.6    4  
4   2000   2.00   0.7   -8.565e-01    0e+00    1e-05    2e-02        6     2813     4306     2819   197.4    4  
4   2000   2.00   0.9   -8.665e-01    0e+00    1e-05    5e-03        6     2805     4658     2811   222.4    4  
5     20   0.05   0.1   -6.335e-01    0e+00    5e-05    7e-05       11      326      438      337   0.4    0  
5     20   0.05   0.3   -5.232e-01    0e+00    4e-05    9e-05       12      399      523      411   0.5    0  
5     20   0.05   0.7   -6.380e-01    0e+00    5e-05    9e-05       12      368      497      380   0.5    0  
5     20   0.05   0.9   -7.513e-01    0e+00    4e-05    1e-04       13      427      577      440   0.6    0  
5     20   0.10   0.1   -4.979e-01    0e+00    3e-05    9e-05       12      420      564      432   0.6    0  
5     20   0.10   0.3   -5.759e-01    0e+00    4e-05    9e-05       12      369      496      381   0.5    0  
5     20   0.10   0.7   -6.858e-01    0e+00    9e-05    9e-05       12      359      493      371   0.5    0  
5     20   0.10   0.9   -6.880e-01    0e+00    4e-05    8e-05       12      371      507      383   0.5    0  
5     20   0.25   0.1   -6.072e-01    0e+00    4e-05    7e-05       14      533      719      547   0.7    0  
5     20   0.25   0.3   -5.597e-01    0e+00    1e-04    9e-05       11      347      460      358   0.5    0  
5     20   0.25   0.7   -4.423e-01    0e+00    4e-05    4e-05       13      435      622      448   0.6    0  
5     20   0.25   0.9   -8.626e-01    0e+00    9e-05    7e-05       12      309      429      321   0.4    0  
5     20   0.50   0.1   -5.576e-01    0e+00    5e-05    7e-05       12      425      560      437   0.5    0  
5     20   0.50   0.3   -5.891e-01    0e+00    4e-05    4e-05       13      430      573      443   0.5    0  
5     20   0.50   0.7   -8.204e-01    0e+00    3e-05    7e-05       12      289      405      301   0.4    0  
5     20   0.50   0.9   -7.537e-01    0e+00    4e-05    1e-04       12      336      459      348   0.4    0  
5     20   1.00   0.1   -4.477e-01    0e+00    5e-05    8e-05       12      477      623      489   0.6    0  
5     20   1.00   0.3   -4.365e-01    0e+00    3e-05    8e-05       12      480      623      492   0.6    0  
5     20   1.00   0.7   -9.981e-01    0e+00    6e-05    4e-05       12      296      416      308   0.4    0  
5     20   1.00   0.9   -8.076e-01    0e+00    9e-05    8e-05       11      290      405      301   0.4    0  
5     20   2.00   0.1   -7.266e-01    0e+00    7e-05    3e-05       12      407      542      419   0.5    0  
5     20   2.00   0.3   -7.437e-01    0e+00    6e-05    8e-05       13      381      551      394   0.5    0  
5     20   2.00   0.7   -8.768e-01    0e+00    6e-05    1e-04       12      240      361      252   0.3    0  
5     20   2.00   0.9   -8.568e-01    0e+00    6e-05    7e-05       11      167      257      178   0.2    0  
5     50   0.05   0.1   -5.092e-01    0e+00    9e-05    1e-04       12      571      702      583   1.2    0  
5     50   0.05   0.3   -5.007e-01    0e+00    5e-05    8e-05       12      955     1108      967   1.9    0  
5     50   0.05   0.7   -5.469e-01    0e+00    7e-05    7e-05       12      873     1020      885   1.9    0  
5     50   0.05   0.9   -5.398e-01    0e+00    7e-05    1e-04       12     1039     1204     1051   2.1    0  
5     50   0.10   0.1   -5.590e-01    0e+00    7e-05    5e-05       12      669      806      681   1.4    0  
5     50   0.10   0.3   -6.203e-01    0e+00    9e-05    7e-05       12      741      878      753   1.5    0  
5     50   0.10   0.7   -5.770e-01    0e+00    7e-05    7e-05       12      596      732      608   1.2    0  
5     50   0.10   0.9   -6.156e-01    0e+00    6e-05    7e-05       12      692      870      704   1.4    0  
5     50   0.25   0.1   -4.930e-01    0e+00    7e-05    9e-05       12      769      929      781   1.7    0  
5     50   0.25   0.3   -6.210e-01    0e+00    8e-05    9e-05       12      579      710      591   1.1    0  
5     50   0.25   0.7   -5.725e-01    0e+00    6e-05    9e-05       12      723      881      735   1.5    0  
5     50   0.25   0.9   -5.807e-01    0e+00    4e-05    7e-05       12      878     1041      890   1.8    0  
5     50   0.50   0.1   -5.963e-01    0e+00    4e-05    7e-05       13     1030     1203     1043   2.1    0  
5     50   0.50   0.3   -6.704e-01    0e+00    5e-05    6e-05       12      521      647      533   1.2    0  
5     50   0.50   0.7   -6.175e-01    0e+00    4e-05    8e-05       12      471      604      483   1.0    0  
5     50   0.50   0.9   -7.237e-01    0e+00    3e-05    9e-05       12      316      431      328   0.7    0  
5     50   1.00   0.1   -6.799e-01    0e+00    4e-05    5e-05       12      460      576      472   1.0    0  
5     50   1.00   0.3   -6.527e-01    0e+00    8e-05    9e-05       12      618      760      630   1.3    0  
5     50   1.00   0.7   -6.692e-01    0e+00    7e-05    7e-05       12      670      830      682   1.4    0  
5     50   1.00   0.9   -7.112e-01    0e+00    6e-05    8e-05       12      310      457      322   0.7    0  
5     50   2.00   0.1   -7.572e-01    0e+00    4e-05    9e-05       13      601      748      614   1.4    0  
5     50   2.00   0.3   -8.037e-01    0e+00    9e-05    7e-05       11      363      479      374   0.7    0  
5     50   2.00   0.7   -8.584e-01    0e+00    7e-05    1e-04       11      286      393      297   0.7    0  
5     50   2.00   0.9   -8.671e-01    0e+00    4e-05    1e-04       13      356      507      369   0.8    0  
5    200   0.05   0.1   -5.035e-01    0e+00    6e-05    7e-05       13     3253     3480     3266   19.8    0  
5    200   0.05   0.3   -5.266e-01    0e+00    4e-05    1e-04       13     2735     2977     2748   16.4    0  
5    200   0.05   0.7   -5.912e-01    0e+00    6e-05    9e-05       14     2994     3320     3008   18.4    0  
5    200   0.05   0.9   -5.458e-01    0e+00    9e-05    1e-04       13     1781     1974     1794   11.2    0  
5    200   0.10   0.1   -5.089e-01    0e+00    4e-05    1e-04       13     4168     4425     4181   25.5    0  
5    200   0.10   0.3   -5.360e-01    0e+00    4e-05    7e-05       13     2076     2308     2089   12.4    0  
5    200   0.10   0.7   -5.262e-01    0e+00    6e-05    1e-04       14     2619     2877     2633   16.4    0  
5    200   0.10   0.9   -5.645e-01    0e+00    4e-05    8e-05       13     1742     1935     1755   11.4    0  
5    200   0.25   0.1   -4.883e-01    0e+00    7e-05    8e-05       13     3510     3741     3523   21.1    0  
5    200   0.25   0.3   -5.233e-01    0e+00    6e-05    9e-05       14     3371     3613     3385   19.8    0  
5    200   0.25   0.7   -5.584e-01    0e+00    1e-04    9e-05       13     2882     3175     2895   17.3    0  
5    200   0.25   0.9   -6.027e-01    0e+00    5e-05    1e-04       14     3426     3772     3440   20.1    0  
5    200   0.50   0.1   -5.712e-01    0e+00    7e-05    1e-04       13     2392     2628     2405   14.3    0  
5    200   0.50   0.3   -6.141e-01    0e+00    6e-05    9e-05       13     2078     2289     2091   11.9    0  
5    200   0.50   0.7   -6.349e-01    0e+00    1e-04    9e-05       13     2170     2441     2183   13.8    0  
5    200   0.50   0.9   -5.889e-01    0e+00    4e-05    1e-04       13     1913     2160     1926   12.4    0  
5    200   1.00   0.1   -6.972e-01    0e+00    5e-05    1e-04       13     1317     1502     1330   8.7    0  
5    200   1.00   0.3   -6.169e-01    0e+00    4e-05    9e-05       13     1483     1677     1496   9.8    0  
5    200   1.00   0.7   -7.174e-01    0e+00    4e-05    1e-04       13     1277     1462     1290   7.5    0  
5    200   1.00   0.9   -7.727e-01    0e+00    1e-04    9e-05       13      818     1012      831   5.3    0  
5    200   2.00   0.1   -7.242e-01    0e+00    1e-04    9e-05       13     1537     1717     1550   9.9    0  
5    200   2.00   0.3   -8.299e-01    0e+00    7e-05    1e-04       13     1063     1230     1076   6.2    0  
5    200   2.00   0.7   -8.563e-01    0e+00    4e-05    7e-05       13      727      893      740   4.8    0  
5    200   2.00   0.9   -8.765e-01    0e+00    6e-05    9e-05       14      426      616      440   3.2    0  
5    500   0.05   0.1   -5.237e-01    0e+00    1e-04    3e-04       13     3771     4034     3784   52.7    4  
5    500   0.05   0.3   -5.161e-01    0e+00    8e-05    1e-04       13     3386     3601     3399   41.5    0  
5    500   0.05   0.7   -5.329e-01    0e+00    3e-05    1e-04       14     4302     4594     4316   56.6    0  
5    500   0.05   0.9   -5.394e-01    0e+00    1e-04    3e-04       13     3687     3937     3700   48.7    4  
5    500   0.10   0.1   -5.336e-01    0e+00    4e-05    5e-04       14     4455     4735     4469   58.9    4  
5    500   0.10   0.3   -5.102e-01    0e+00    1e-04    3e-04       13     4205     4455     4218   56.4    4  
5    500   0.10   0.7   -5.287e-01    0e+00    5e-05    8e-04       14     4581     4891     4595   58.3    4  
5    500   0.10   0.9   -5.479e-01    0e+00    6e-05    8e-05       14     3873     4122     3887   48.8    0  
5    500   0.25   0.1   -5.248e-01    0e+00    3e-05    3e-04       14     4438     4699     4452   59.2    4  
5    500   0.25   0.3   -5.652e-01    0e+00    9e-05    1e-04       13     2865     3100     2878   36.8    0  
5    500   0.25   0.7   -5.720e-01    0e+00    1e-05    7e-04       15     4988     5416     5003   66.0    4  
5    500   0.25   0.9   -6.019e-01    0e+00    4e-05    8e-05       14     3226     3522     3240   42.2    0  
5    500   0.50   0.1   -5.517e-01    0e+00    5e-05    9e-05       14     3712     4007     3726   48.8    0  
5    500   0.50   0.3   -5.851e-01    0e+00    4e-05    9e-05       14     4162     4547     4176   54.2    0  
5    500   0.50   0.7   -6.399e-01    0e+00    4e-05    1e-04       14     2867     3124     2881   39.3    0  
5    500   0.50   0.9   -6.391e-01    0e+00    5e-05    8e-05       14     2582     2857     2596   34.0    0  
5    500   1.00   0.1   -6.400e-01    0e+00    6e-05    1e-04       14     2594     2827     2608   33.9    0  
5    500   1.00   0.3   -6.889e-01    0e+00    6e-05    8e-05       14     2544     2796     2558   35.2    0  
5    500   1.00   0.7   -7.337e-01    0e+00    5e-05    9e-05       14     2178     2415     2192   27.3    0  
5    500   1.00   0.9   -7.333e-01    0e+00    9e-05    9e-05       13     1212     1397     1225   15.7    0  
5    500   2.00   0.1   -8.039e-01    0e+00    1e-04    1e-04       13     1350     1537     1363   18.9    0  
5    500   2.00   0.3   -8.439e-01    0e+00    5e-05    7e-05       14     1678     1900     1692   23.6    0  
5    500   2.00   0.7   -8.531e-01    0e+00    7e-05    1e-04       13     1099     1282     1112   14.5    0  
5    500   2.00   0.9   -8.992e-01    0e+00    9e-05    9e-05       13      532      708      545   8.1    0  
5   1000   0.05   0.1   -5.118e-01    0e+00    6e-05    3e-04       14     4529     4857     4543   127.7    4  
5   1000   0.05   0.3   -5.120e-01    0e+00    1e-04    6e-04       13     4036     4314     4049   115.1    4  
5   1000   0.05   0.7   -5.314e-01    0e+00    1e-04    6e-04       13     4224     4473     4237   114.3    4  
5   1000   0.05   0.9   -5.381e-01    0e+00    5e-05    4e-04       14     4464     4758     4478   130.2    4  
5   1000   0.10   0.1   -5.090e-01    0e+00    6e-05    2e-04       14     4876     5213     4890   131.5    4  
5   1000   0.10   0.3   -5.099e-01    0e+00    1e-04    7e-04       13     3848     4101     3861   111.5    4  
5   1000   0.10   0.7   -5.527e-01    0e+00    6e-05    3e-04       14     4166     4454     4180   108.6    4  
5   1000   0.10   0.9   -5.600e-01    0e+00    2e-05    4e-04       15     5177     5524     5192   142.1    4  
5   1000   0.25   0.1   -5.031e-01    0e+00    1e-04    4e-04       13     3809     4093     3822   102.8    4  
5   1000   0.25   0.3   -5.541e-01    0e+00    1e-05    9e-05       15     4446     4764     4461   119.5    0  
5   1000   0.25   0.7   -5.722e-01    0e+00    4e-05    2e-04       14     4065     4345     4079   118.0    4  
5   1000   0.25   0.9   -6.038e-01    0e+00    4e-05    1e-04       14     3443     3700     3457   99.5    0  
5   1000   0.50   0.1   -5.422e-01    0e+00    1e-04    2e-04       13     3597     3838     3610   97.7    4  
5   1000   0.50   0.3   -5.629e-01    0e+00    3e-05    3e-04       15     4928     5281     4943   141.3    4  
5   1000   0.50   0.7   -6.211e-01    0e+00    2e-05    1e-04       15     4351     4640     4366   118.5    0  
5   1000   0.50   0.9   -6.388e-01    0e+00    4e-05    9e-05       14     2865     3137     2879   75.8    0  
5   1000   1.00   0.1   -6.339e-01    0e+00    6e-05    1e-04       14     2713     2995     2727   77.1    0  
5   1000   1.00   0.3   -6.600e-01    0e+00    9e-05    8e-05       13     1519     1691     1532   43.7    0  
5   1000   1.00   0.7   -6.784e-01    0e+00    5e-05    1e-04       14     2440     2674     2454   72.8    0  
5   1000   1.00   0.9   -7.327e-01    0e+00    6e-05    9e-05       14     1761     1986     1775   49.5    0  
5   1000   2.00   0.1   -8.218e-01    0e+00    5e-05    1e-04       14     1779     2009     1793   50.5    0  
5   1000   2.00   0.3   -8.400e-01    0e+00    3e-05    8e-05       14     1664     1865     1678   50.4    0  
5   1000   2.00   0.7   -8.540e-01    0e+00    7e-05    9e-05       13     1017     1199     1030   28.4    0  
5   1000   2.00   0.9   -8.710e-01    0e+00    6e-05    8e-05       14     1243     1491     1257   40.0    0  
5   2000   0.05   0.1   -5.007e-01    0e+00    1e-04    2e-03       13     4087     4403     4100   257.0    4  
5   2000   0.05   0.3   -5.065e-01    0e+00    1e-04    6e-04       13     4157     4440     4170   242.4    4  
5   2000   0.05   0.7   -5.292e-01    0e+00    1e-04    4e-04       13     3760     4034     3773   217.9    4  
5   2000   0.05   0.9   -5.274e-01    0e+00    1e-04    8e-04       13     3617     3878     3630   214.2    4  
5   2000   0.10   0.1   -5.004e-01    0e+00    1e-04    5e-04       13     4270     4548     4283   261.6    4  
5   2000   0.10   0.3   -5.309e-01    0e+00    6e-05    3e-04       14     4491     4829     4505   263.8    4  
5   2000   0.10   0.7   -5.421e-01    0e+00    1e-04    5e-04       13     3642     3939     3655   221.7    4  
5   2000   0.10   0.9   -5.414e-01    0e+00    1e-04    5e-04       13     3701     3956     3714   221.1    4  
5   2000   0.25   0.1   -5.171e-01    0e+00    1e-04    4e-04       13     3492     3733     3505   207.6    4  
5   2000   0.25   0.3   -5.379e-01    0e+00    3e-04    2e-04       12     3120     3381     3132   181.9    4  
5   2000   0.25   0.7   -5.835e-01    0e+00    2e-05    4e-04       15     4666     4980     4681   283.0    4  
5   2000   0.25   0.9   -5.891e-01    0e+00    5e-05    4e-04       14     4221     4497     4235   250.8    4  
5   2000   0.50   0.1   -5.368e-01    0e+00    6e-05    4e-04       14     3935     4243     3949   227.0    4  
5   2000   0.50   0.3   -5.683e-01    0e+00    5e-05    3e-04       14     3911     4171     3925   236.2    4  
5   2000   0.50   0.7   -6.197e-01    0e+00    3e-05    3e-04       15     4348     4661     4363   254.3    4  
5   2000   0.50   0.9   -6.477e-01    0e+00    6e-05    9e-05       14     3080     3342     3094   177.2    0  
5   2000   1.00   0.1   -6.232e-01    0e+00    6e-05    8e-05       14     2604     2902     2618   167.0    0  
5   2000   1.00   0.3   -6.604e-01    0e+00    6e-05    1e-04       14     2499     2793     2513   149.4    0  
5   2000   1.00   0.7   -6.934e-01    0e+00    5e-05    1e-04       14     2285     2528     2299   133.9    0  
5   2000   1.00   0.9   -7.323e-01    0e+00    5e-05    8e-05       14     1702     1919     1716   99.1    0  
5   2000   2.00   0.1   -7.970e-01    0e+00    6e-05    9e-05       14     1814     2042     1828   115.3    0  
5   2000   2.00   0.3   -8.191e-01    0e+00    6e-05    1e-04       14     1770     2015     1784   115.5    0  
5   2000   2.00   0.7   -8.565e-01    0e+00    5e-05    9e-05       14     1397     1601     1411   85.7    0  
5   2000   2.00   0.9   -8.665e-01    0e+00    6e-05    1e-04       14     1316     1534     1330   86.3    0  
6     20   0.05   0.1   -6.335e-01    0e+00    2e-05    6e-05        6      291      451      297   0.4    0  
6     20   0.05   0.3   -5.232e-01    0e+00    3e-05    8e-05        6      347      522      353   0.5    0  
6     20   0.05   0.7   -6.380e-01    0e+00    4e-05    7e-05        6      336      503      342   0.5    0  
6     20   0.05   0.9   -7.512e-01    0e+00    5e-05    7e-05        6      315      461      321   0.4    0  
6     20   0.10   0.1   -4.979e-01    0e+00    3e-05    8e-05        6      359      557      365   0.6    0  
6     20   0.10   0.3   -6.066e-01    0e+00    3e-05    6e-05        6      373      536      379   0.5    0  
6     20   0.10   0.7   -6.858e-01    0e+00    4e-05    1e-04        6      321      478      327   0.5    0  
6     20   0.10   0.9   -6.880e-01    0e+00    3e-05    6e-05        6      322      497      328   0.5    0  
6     20   0.25   0.1   -6.072e-01    0e+00    5e-05    6e-05        6      338      498      344   0.5    0  
6     20   0.25   0.3   -5.598e-01    0e+00    3e-05    9e-05        6      321      484      327   0.5    0  
6     20   0.25   0.7   -4.423e-01    0e+00    4e-05    8e-05        6      330      549      336   0.5    0  
6     20   0.25   0.9   -8.626e-01    0e+00    4e-05    5e-05        6      233      368      239   0.4    0  
6     20   0.50   0.1   -5.576e-01    0e+00    3e-05    5e-05        6      321      482      327   0.5    0  
6     20   0.50   0.3   -5.891e-01    0e+00    4e-05    4e-05        6      299      459      305   0.4    0  
6     20   0.50   0.7   -8.204e-01    0e+00    3e-05    9e-05        6      230      349      236   0.4    0  
6     20   0.50   0.9   -7.537e-01    0e+00    3e-05    5e-05        6      297      452      303   0.5    0  
6     20   1.00   0.1   -4.477e-01    0e+00    3e-05    7e-05        6      410      600      416   0.6    0  
6     20   1.00   0.3   -4.365e-01    0e+00    3e-05    8e-05        6      418      579      424   0.7    0  
6     20   1.00   0.7   -9.981e-01    0e+00    4e-05    9e-05        6      217      345      223   0.3    0  
6     20   1.00   0.9   -8.076e-01    0e+00    3e-05    9e-05        6      202      344      208   0.3    0  
6     20   2.00   0.1   -7.266e-01    0e+00    4e-05    7e-05        6      312      503      318   0.5    0  
6     20   2.00   0.3   -7.437e-01    0e+00    4e-05    7e-05        6      262      419      268   0.4    0  
6     20   2.00   0.7   -8.768e-01    0e+00    4e-05    8e-05        6      155      253      161   0.3    0  
6     20   2.00   0.9   -8.568e-01    0e+00    3e-05    7e-05        6      128      212      134   0.2    0  
6     50   0.05   0.1   -5.092e-01    0e+00    4e-05    6e-05        6      509      699      515   1.3    0  
6     50   0.05   0.3   -5.007e-01    0e+00    4e-05    8e-05        6      875     1091      881   2.1    0  
6     50   0.05   0.7   -5.469e-01    0e+00    4e-05    8e-05        6      584      807      590   1.4    0  
6     50   0.05   0.9   -5.398e-01    0e+00    4e-05    7e-05        6      793      983      799   1.8    0  
6     50   0.10   0.1   -5.589e-01    0e+00    4e-05    1e-04        6      603      824      609   1.4    0  
6     50   0.10   0.3   -6.203e-01    0e+00    4e-05    1e-04        6      553      752      559   1.3    0  
6     50   0.10   0.7   -5.770e-01    0e+00    4e-05    6e-05        6      486      673      492   1.1    0  
6     50   0.10   0.9   -6.156e-01    0e+00    4e-05    9e-05        6      587      800      593   1.4    0  
6     50   0.25   0.1   -4.930e-01    0e+00    4e-05    8e-05        6      647      896      653   1.6    0  
6     50   0.25   0.3   -6.210e-01    0e+00    4e-05    8e-05        6      490      676      496   1.2    0  
6     50   0.25   0.7   -5.725e-01    0e+00    4e-05    8e-05        6      623      815      629   1.5    0  
6     50   0.25   0.9   -5.835e-01    0e+00    3e-05    9e-05        6      585      777      591   1.4    0  
6     50   0.50   0.1   -5.962e-01    0e+00    4e-05    1e-04        6      721      958      727   1.7    0  
6     50   0.50   0.3   -6.704e-01    0e+00    3e-05    9e-05        6      448      612      454   1.1    0  
6     50   0.50   0.7   -6.175e-01    0e+00    3e-05    9e-05        6      395      563      401   0.9    0  
6     50   0.50   0.9   -7.237e-01    0e+00    3e-05    1e-04        6      284      440      290   0.7    0  
6     50   1.00   0.1   -6.799e-01    0e+00    3e-05    8e-05        6      404      580      410   0.9    0  
6     50   1.00   0.3   -6.527e-01    0e+00    4e-05    8e-05        6      520      733      526   1.3    0  
6     50   1.00   0.7   -6.691e-01    0e+00    4e-05    9e-05        6      575      779      581   1.3    0  
6     50   1.00   0.9   -7.112e-01    0e+00    4e-05    1e-04        6      229      345      235   0.6    0  
6     50   2.00   0.1   -7.572e-01    0e+00    4e-05    9e-05        6      453      621      459   1.1    0  
6     50   2.00   0.3   -8.037e-01    0e+00    3e-05    9e-05        6      366      533      372   0.9    0  
6     50   2.00   0.7   -8.584e-01    0e+00    3e-05    6e-05        6      248      370      254   0.6    0  
6     50   2.00   0.9   -8.670e-01    0e+00    4e-05    9e-05        6      231      366      237   0.6    0  
6    200   0.05   0.1   -5.034e-01    0e+00    5e-05    9e-05        6     2058     2328     2064   13.0    0  
6    200   0.05   0.3   -5.266e-01    0e+00    4e-05    1e-04        6     2072     2304     2078   11.8    0  
6    200   0.05   0.7   -5.911e-01    0e+00    5e-05    1e-04        6     1741     1973     1747   10.6    0  
6    200   0.05   0.9   -5.457e-01    0e+00    5e-05    1e-04        6     1208     1424     1214   7.1    0  
6    200   0.10   0.1   -5.088e-01    0e+00    4e-05    2e-03        6     2408     2666     2414   14.3    4  
6    200   0.10   0.3   -5.359e-01    0e+00    4e-05    9e-05        6     1548     1775     1554   9.0    0  
6    200   0.10   0.7   -5.261e-01    0e+00    5e-05    9e-05        6     1389     1632     1395   8.7    0  
6    200   0.10   0.9   -5.644e-01    0e+00    4e-05    1e-04        6     1555     1751     1561   9.6    0  
6    200   0.25   0.1   -4.883e-01    0e+00    5e-06    9e-05        7     2872     3242     2879   17.1    0  
6    200   0.25   0.3   -5.232e-01    0e+00    6e-05    1e-04        6     1665     1891     1671   10.1    0  
6    200   0.25   0.7   -5.583e-01    0e+00    5e-05    9e-05        6     1711     1982     1717   10.6    0  
6    200   0.25   0.9   -6.026e-01    0e+00    6e-05    1e-04        6     1729     1973     1735   10.0    0  
6    200   0.50   0.1   -5.712e-01    0e+00    5e-05    9e-05        6     1353     1613     1359   8.3    0  
6    200   0.50   0.3   -6.141e-01    0e+00    5e-05    9e-05        6     1190     1382     1196   7.2    0  
6    200   0.50   0.7   -6.348e-01    0e+00    5e-05    9e-05        6     1337     1546     1343   8.5    0  
6    200   0.50   0.9   -5.889e-01    0e+00    4e-05    9e-05        6     1218     1456     1224   7.3    0  
6    200   1.00   0.1   -6.971e-01    0e+00    5e-05    9e-05        6      794      983      800   5.0    0  
6    200   1.00   0.3   -6.169e-01    0e+00    4e-05    8e-05        6     1003     1182     1009   6.4    0  
6    200   1.00   0.7   -7.173e-01    0e+00    4e-05    8e-05        6      713      902      719   4.7    0  
6    200   1.00   0.9   -7.727e-01    0e+00    5e-05    7e-05        6      623      832      629   4.4    0  
6    200   2.00   0.1   -7.241e-01    0e+00    5e-05    9e-05        6      873     1064      879   5.7    0  
6    200   2.00   0.3   -8.298e-01    0e+00    5e-05    9e-05        6      617      806      623   3.9    0  
6    200   2.00   0.7   -8.563e-01    0e+00    4e-05    9e-05        6      479      652      485   3.2    0  
6    200   2.00   0.9   -8.765e-01    0e+00    6e-05    6e-05        6      310      458      316   2.5    0  
6    500   0.05   0.1   -5.237e-01    0e+00    5e-06    5e-04        7     3216     3504     3223   43.6    4  
6    500   0.05   0.3   -5.161e-01    0e+00    5e-06    2e-04        7     3199     3528     3206   41.1    4  
6    500   0.05   0.7   -5.329e-01    0e+00    6e-06    4e-03        7     3223     3540     3230   41.9    4  
6    500   0.05   0.9   -5.394e-01    0e+00    6e-06    6e-04        7     3221     3541     3228   43.1    4  
6    500   0.10   0.1   -5.336e-01    0e+00    5e-06    1e-03        7     3102     3397     3109   38.6    4  
6    500   0.10   0.3   -5.101e-01    0e+00    6e-05    5e-03        6     2595     2817     2601   34.7    4  
6    500   0.10   0.7   -5.287e-01    0e+00    6e-06    3e-04        7     3062     3372     3069   38.1    4  
6    500   0.10   0.9   -5.479e-01    0e+00    6e-06    4e-04        7     2992     3337     2999   41.2    4  
6    500   0.25   0.1   -5.248e-01    0e+00    6e-06    3e-03        7     3132     3437     3139   40.8    4  
6    500   0.25   0.3   -5.650e-01    0e+00    5e-05    1e-04        6     1782     1988     1788   22.4    0  
6    500   0.25   0.7   -5.720e-01    0e+00    6e-06    3e-04        7     2932     3308     2939   38.6    4  
6    500   0.25   0.9   -6.018e-01    0e+00    6e-05    9e-05        6     1563     1766     1569   19.7    0  
6    500   0.50   0.1   -5.515e-01    0e+00    6e-05    9e-05        6     1721     1935     1727   23.5    0  
6    500   0.50   0.3   -5.851e-01    0e+00    6e-06    2e-04        7     2947     3298     2954   39.3    4  
6    500   0.50   0.7   -6.398e-01    0e+00    6e-05    1e-04        6     1548     1758     1554   20.0    0  
6    500   0.50   0.9   -6.391e-01    0e+00    6e-05    1e-04        6     1456     1706     1462   19.9    0  
6    500   1.00   0.1   -6.399e-01    0e+00    5e-05    1e-04        6     1183     1353     1189   16.0    0  
6    500   1.00   0.3   -6.888e-01    0e+00    6e-05    9e-05        6     1185     1392     1191   15.5    0  
6    500   1.00   0.7   -7.336e-01    0e+00    6e-05    8e-05        6     1150     1346     1156   15.7    0  
6    500   1.00   0.9   -7.332e-01    0e+00    5e-05    1e-04        6      878     1062      884   11.8    0  
6    500   2.00   0.1   -8.038e-01    0e+00    5e-05    8e-05        6      931     1089      937   12.9    0  
6    500   2.00   0.3   -8.438e-01    0e+00    6e-05    8e-05        6      908     1079      914   13.2    0  
6    500   2.00   0.7   -8.531e-01    0e+00    5e-05    1e-04        6      785      969      791   11.2    0  
6    500   2.00   0.9   -8.992e-01    0e+00    5e-05    8e-05        6      412      570      418   6.5    0  
6   1000   0.05   0.1   -5.118e-01    0e+00    7e-06    1e-03        7     3182     3477     3189   90.4    4  
6   1000   0.05   0.3   -5.118e-01    0e+00    6e-05    1e-03        6     2474     2651     2480   70.5    4  
6   1000   0.05   0.7   -5.313e-01    0e+00    6e-05    4e-03        6     2502     2709     2508   70.4    4  
6   1000   0.05   0.9   -5.381e-01    0e+00    6e-06    8e-04        7     3096     3387     3103   85.2    4  
6   1000   0.10   0.1   -5.090e-01    0e+00    6e-06    4e-04        7     3353     3682     3360   94.3    4  
6   1000   0.10   0.3   -5.097e-01    0e+00    6e-05    9e-04        6     2456     2654     2462   63.3    4  
6   1000   0.10   0.7   -5.527e-01    0e+00    7e-06    1e-03        7     3125     3420     3132   87.0    4  
6   1000   0.10   0.9   -5.600e-01    0e+00    7e-06    7e-04        7     3063     3393     3070   84.8    4  
6   1000   0.25   0.1   -5.032e-01    0e+00    7e-06    9e-04        7     3390     3731     3397   91.8    4  
6   1000   0.25   0.3   -5.539e-01    0e+00    6e-05    9e-05        6     1835     2033     1841   48.4    0  
6   1000   0.25   0.7   -5.722e-01    0e+00    6e-06    7e-04        7     2951     3292     2958   84.4    4  
6   1000   0.25   0.9   -6.037e-01    0e+00    5e-05    9e-05        6     1854     2066     1860   52.8    0  
6   1000   0.50   0.1   -5.422e-01    0e+00    6e-06    1e-03        7     3107     3388     3114   85.5    4  
6   1000   0.50   0.3   -5.628e-01    0e+00    6e-06    2e-03        7     2946     3280     2953   81.8    4  
6   1000   0.50   0.7   -6.210e-01    0e+00    6e-05    9e-05        6     1702     1895     1708   47.1    0  
6   1000   0.50   0.9   -6.387e-01    0e+00    6e-05    9e-05        6     1509     1708     1515   42.4    0  
6   1000   1.00   0.1   -6.337e-01    0e+00    6e-05    9e-05        6     1303     1464     1309   37.7    0  
6   1000   1.00   0.3   -6.599e-01    0e+00    5e-05    8e-05        6     1076     1240     1082   28.8    0  
6   1000   1.00   0.7   -6.783e-01    0e+00    6e-05    1e-04        6     1285     1469     1291   34.8    0  
6   1000   1.00   0.9   -7.327e-01    0e+00    6e-05    9e-05        6      997     1164     1003   28.2    0  
6   1000   2.00   0.1   -8.215e-01    0e+00    6e-05    1e-04        6      851      982      857   23.0    0  
6   1000   2.00   0.3   -8.398e-01    0e+00    5e-05    1e-04        6      806      936      812   22.9    0  
6   1000   2.00   0.7   -8.540e-01    0e+00    5e-05    1e-04        6      723      902      729   22.2    0  
6   1000   2.00   0.9   -8.710e-01    0e+00    6e-05    9e-05        6      713      921      719   23.4    0  
6   2000   0.05   0.1   -5.005e-01    0e+00    6e-05    4e-03        6     2413     2595     2419   148.2    4  
6   2000   0.05   0.3   -5.063e-01    0e+00    6e-05    6e-04        6     2380     2563     2386   132.8    4  
6   2000   0.05   0.7   -5.293e-01    0e+00    6e-06    2e-03        7     3330     3598     3337   203.6    4  
6   2000   0.05   0.9   -5.276e-01    0e+00    7e-06    2e-03        7     3250     3544     3257   190.3    4  
6   2000   0.10   0.1   -5.002e-01    0e+00    6e-05    2e-03        6     2374     2550     2380   142.8    4  
6   2000   0.10   0.3   -5.309e-01    0e+00    7e-06    1e-03        7     3145     3412     3152   184.0    4  
6   2000   0.10   0.7   -5.422e-01    0e+00    7e-06    4e-03        7     3249     3518     3256   191.6    4  
6   2000   0.10   0.9   -5.412e-01    0e+00    6e-05    4e-03        6     2344     2528     2350   143.5    4  
6   2000   0.25   0.1   -5.172e-01    0e+00    6e-06    4e-03        7     3096     3375     3103   188.5    4  
6   2000   0.25   0.3   -5.380e-01    0e+00    6e-05    2e-03        6     2316     2478     2322   133.3    4  
6   2000   0.25   0.7   -5.835e-01    0e+00    6e-06    7e-04        7     2798     3102     2805   164.6    4  
6   2000   0.25   0.9   -5.892e-01    0e+00    7e-06    1e-03        7     3061     3335     3068   177.4    4  
6   2000   0.50   0.1   -5.368e-01    0e+00    7e-06    9e-04        7     2876     3126     2883   172.2    4  
6   2000   0.50   0.3   -5.683e-01    0e+00    6e-06    2e-03        7     2857     3094     2864   165.6    4  
6   2000   0.50   0.7   -6.196e-01    0e+00    6e-06    6e-04        7     2710     2969     2717   159.2    4  
6   2000   0.50   0.9   -6.477e-01    0e+00    7e-06    7e-04        7     2624     2881     2631   159.1    4  
6   2000   1.00   0.1   -6.229e-01    0e+00    6e-05    1e-04        6     1264     1424     1270   73.5    0  
6   2000   1.00   0.3   -6.601e-01    0e+00    6e-05    9e-05        6     1217     1336     1223   68.9    0  
6   2000   1.00   0.7   -6.933e-01    0e+00    6e-05    1e-04        6     1202     1359     1208   69.9    0  
6   2000   1.00   0.9   -7.322e-01    0e+00    6e-05    9e-05        6     1000     1155     1006   60.0    0  
6   2000   2.00   0.1   -7.967e-01    0e+00    6e-05    9e-05        6      859      978      865   49.5    0  
6   2000   2.00   0.3   -8.188e-01    0e+00    6e-05    1e-04        6      879     1008      885   50.9    0  
6   2000   2.00   0.7   -8.564e-01    0e+00    6e-05    1e-04        6      741      880      747   45.7    0  
6   2000   2.00   0.9   -8.665e-01    0e+00    6e-05    1e-04        6      757      906      763   48.0    0  
